x	y	z	valeur
0.000000	0.000000	0.000000	0.000006
0.000000	0.000000	0.100000	0.000006
0.000000	0.000000	0.200000	0.000005
0.000000	0.000000	0.300000	0.000004
0.000000	0.000000	0.400000	0.000003
0.000000	0.000000	0.500000	0.000002
0.000000	0.000000	0.600000	0.000002
0.000000	0.000000	0.700000	0.000002
0.000000	0.000000	0.800000	0.000002
0.000000	0.000000	0.900000	0.000002
0.000000	0.000000	1.000000	0.000002
0.000000	0.100000	0.000000	0.000006
0.000000	0.100000	0.100000	0.000006
0.000000	0.100000	0.200000	0.000005
0.000000	0.100000	0.300000	0.000004
0.000000	0.100000	0.400000	0.000003
0.000000	0.100000	0.500000	0.000002
0.000000	0.100000	0.600000	0.000002
0.000000	0.100000	0.700000	0.000002
0.000000	0.100000	0.800000	0.000002
0.000000	0.100000	0.900000	0.000002
0.000000	0.100000	1.000000	0.000002
0.000000	0.200000	0.000000	0.000005
0.000000	0.200000	0.100000	0.000005
0.000000	0.200000	0.200000	0.000006
0.000000	0.200000	0.300000	0.000005
0.000000	0.200000	0.400000	0.000004
0.000000	0.200000	0.500000	0.000003
0.000000	0.200000	0.600000	0.000003
0.000000	0.200000	0.700000	0.000003
0.000000	0.200000	0.800000	0.000002
0.000000	0.200000	0.900000	0.000002
0.000000	0.200000	1.000000	0.000002
0.000000	0.300000	0.000000	0.000005
0.000000	0.300000	0.100000	0.000005
0.000000	0.300000	0.200000	0.000006
0.000000	0.300000	0.300000	0.000006
0.000000	0.300000	0.400000	0.000005
0.000000	0.300000	0.500000	0.000004
0.000000	0.300000	0.600000	0.000003
0.000000	0.300000	0.700000	0.000003
0.000000	0.300000	0.800000	0.000002
0.000000	0.300000	0.900000	0.000002
0.000000	0.300000	1.000000	0.000002
0.000000	0.400000	0.000000	0.000005
0.000000	0.400000	0.100000	0.000005
0.000000	0.400000	0.200000	0.000006
0.000000	0.400000	0.300000	0.000006
0.000000	0.400000	0.400000	0.000006
0.000000	0.400000	0.500000	0.000005
0.000000	0.400000	0.600000	0.000004
0.000000	0.400000	0.700000	0.000003
0.000000	0.400000	0.800000	0.000002
0.000000	0.400000	0.900000	0.000002
0.000000	0.400000	1.000000	0.000002
0.000000	0.500000	0.000000	0.000005
0.000000	0.500000	0.100000	0.000005
0.000000	0.500000	0.200000	0.000006
0.000000	0.500000	0.300000	0.000006
0.000000	0.500000	0.400000	0.000006
0.000000	0.500000	0.500000	0.000005
0.000000	0.500000	0.600000	0.000004
0.000000	0.500000	0.700000	0.000003
0.000000	0.500000	0.800000	0.000002
0.000000	0.500000	0.900000	0.000002
0.000000	0.500000	1.000000	0.000002
0.000000	0.600000	0.000000	0.000005
0.000000	0.600000	0.100000	0.000005
0.000000	0.600000	0.200000	0.000006
0.000000	0.600000	0.300000	0.000006
0.000000	0.600000	0.400000	0.000006
0.000000	0.600000	0.500000	0.000005
0.000000	0.600000	0.600000	0.000004
0.000000	0.600000	0.700000	0.000003
0.000000	0.600000	0.800000	0.000002
0.000000	0.600000	0.900000	0.000002
0.000000	0.600000	1.000000	0.000002
0.000000	0.700000	0.000000	0.000005
0.000000	0.700000	0.100000	0.000005
0.000000	0.700000	0.200000	0.000006
0.000000	0.700000	0.300000	0.000006
0.000000	0.700000	0.400000	0.000005
0.000000	0.700000	0.500000	0.000004
0.000000	0.700000	0.600000	0.000003
0.000000	0.700000	0.700000	0.000003
0.000000	0.700000	0.800000	0.000002
0.000000	0.700000	0.900000	0.000002
0.000000	0.700000	1.000000	0.000002
0.000000	0.800000	0.000000	0.000006
0.000000	0.800000	0.100000	0.000006
0.000000	0.800000	0.200000	0.000006
0.000000	0.800000	0.300000	0.000005
0.000000	0.800000	0.400000	0.000004
0.000000	0.800000	0.500000	0.000003
0.000000	0.800000	0.600000	0.000003
0.000000	0.800000	0.700000	0.000002
0.000000	0.800000	0.800000	0.000002
0.000000	0.800000	0.900000	0.000002
0.000000	0.800000	1.000000	0.000002
0.000000	0.900000	0.000000	0.000006
0.000000	0.900000	0.100000	0.000006
0.000000	0.900000	0.200000	0.000005
0.000000	0.900000	0.300000	0.000004
0.000000	0.900000	0.400000	0.000003
0.000000	0.900000	0.500000	0.000002
0.000000	0.900000	0.600000	0.000002
0.000000	0.900000	0.700000	0.000002
0.000000	0.900000	0.800000	0.000002
0.000000	0.900000	0.900000	0.000002
0.000000	0.900000	1.000000	0.000002
0.000000	1.000000	0.000000	0.000006
0.000000	1.000000	0.100000	0.000006
0.000000	1.000000	0.200000	0.000005
0.000000	1.000000	0.300000	0.000004
0.000000	1.000000	0.400000	0.000003
0.000000	1.000000	0.500000	0.000002
0.000000	1.000000	0.600000	0.000002
0.000000	1.000000	0.700000	0.000002
0.000000	1.000000	0.800000	0.000002
0.000000	1.000000	0.900000	0.000002
0.000000	1.000000	1.000000	0.000002
0.100000	0.000000	0.000000	0.000006
0.100000	0.000000	0.100000	0.000006
0.100000	0.000000	0.200000	0.000005
0.100000	0.000000	0.300000	0.000004
0.100000	0.000000	0.400000	0.000003
0.100000	0.000000	0.500000	0.000002
0.100000	0.000000	0.600000	0.000002
0.100000	0.000000	0.700000	0.000002
0.100000	0.000000	0.800000	0.000002
0.100000	0.000000	0.900000	0.000002
0.100000	0.000000	1.000000	0.000002
0.100000	0.100000	0.000000	0.000006
0.100000	0.100000	0.100000	0.000006
0.100000	0.100000	0.200000	0.000005
0.100000	0.100000	0.300000	0.000004
0.100000	0.100000	0.400000	0.000003
0.100000	0.100000	0.500000	0.000002
0.100000	0.100000	0.600000	0.000002
0.100000	0.100000	0.700000	0.000002
0.100000	0.100000	0.800000	0.000002
0.100000	0.100000	0.900000	0.000002
0.100000	0.100000	1.000000	0.000002
0.100000	0.200000	0.000000	0.000005
0.100000	0.200000	0.100000	0.000005
0.100000	0.200000	0.200000	0.000006
0.100000	0.200000	0.300000	0.000005
0.100000	0.200000	0.400000	0.000004
0.100000	0.200000	0.500000	0.000003
0.100000	0.200000	0.600000	0.000003
0.100000	0.200000	0.700000	0.000003
0.100000	0.200000	0.800000	0.000002
0.100000	0.200000	0.900000	0.000002
0.100000	0.200000	1.000000	0.000002
0.100000	0.300000	0.000000	0.000005
0.100000	0.300000	0.100000	0.000005
0.100000	0.300000	0.200000	0.000006
0.100000	0.300000	0.300000	0.000006
0.100000	0.300000	0.400000	0.000005
0.100000	0.300000	0.500000	0.000004
0.100000	0.300000	0.600000	0.000003
0.100000	0.300000	0.700000	0.000003
0.100000	0.300000	0.800000	0.000002
0.100000	0.300000	0.900000	0.000002
0.100000	0.300000	1.000000	0.000002
0.100000	0.400000	0.000000	0.000005
0.100000	0.400000	0.100000	0.000005
0.100000	0.400000	0.200000	0.000006
0.100000	0.400000	0.300000	0.000006
0.100000	0.400000	0.400000	0.000006
0.100000	0.400000	0.500000	0.000005
0.100000	0.400000	0.600000	0.000004
0.100000	0.400000	0.700000	0.000003
0.100000	0.400000	0.800000	0.000002
0.100000	0.400000	0.900000	0.000002
0.100000	0.400000	1.000000	0.000002
0.100000	0.500000	0.000000	0.000005
0.100000	0.500000	0.100000	0.000005
0.100000	0.500000	0.200000	0.000006
0.100000	0.500000	0.300000	0.000006
0.100000	0.500000	0.400000	0.000006
0.100000	0.500000	0.500000	0.000005
0.100000	0.500000	0.600000	0.000004
0.100000	0.500000	0.700000	0.000003
0.100000	0.500000	0.800000	0.000002
0.100000	0.500000	0.900000	0.000002
0.100000	0.500000	1.000000	0.000002
0.100000	0.600000	0.000000	0.000005
0.100000	0.600000	0.100000	0.000005
0.100000	0.600000	0.200000	0.000006
0.100000	0.600000	0.300000	0.000006
0.100000	0.600000	0.400000	0.000006
0.100000	0.600000	0.500000	0.000005
0.100000	0.600000	0.600000	0.000004
0.100000	0.600000	0.700000	0.000003
0.100000	0.600000	0.800000	0.000002
0.100000	0.600000	0.900000	0.000002
0.100000	0.600000	1.000000	0.000002
0.100000	0.700000	0.000000	0.000005
0.100000	0.700000	0.100000	0.000005
0.100000	0.700000	0.200000	0.000006
0.100000	0.700000	0.300000	0.000006
0.100000	0.700000	0.400000	0.000005
0.100000	0.700000	0.500000	0.000004
0.100000	0.700000	0.600000	0.000003
0.100000	0.700000	0.700000	0.000003
0.100000	0.700000	0.800000	0.000002
0.100000	0.700000	0.900000	0.000002
0.100000	0.700000	1.000000	0.000002
0.100000	0.800000	0.000000	0.000006
0.100000	0.800000	0.100000	0.000006
0.100000	0.800000	0.200000	0.000006
0.100000	0.800000	0.300000	0.000005
0.100000	0.800000	0.400000	0.000004
0.100000	0.800000	0.500000	0.000003
0.100000	0.800000	0.600000	0.000003
0.100000	0.800000	0.700000	0.000002
0.100000	0.800000	0.800000	0.000002
0.100000	0.800000	0.900000	0.000002
0.100000	0.800000	1.000000	0.000002
0.100000	0.900000	0.000000	0.000006
0.100000	0.900000	0.100000	0.000006
0.100000	0.900000	0.200000	0.000005
0.100000	0.900000	0.300000	0.000004
0.100000	0.900000	0.400000	0.000003
0.100000	0.900000	0.500000	0.000002
0.100000	0.900000	0.600000	0.000002
0.100000	0.900000	0.700000	0.000002
0.100000	0.900000	0.800000	0.000002
0.100000	0.900000	0.900000	0.000002
0.100000	0.900000	1.000000	0.000002
0.100000	1.000000	0.000000	0.000006
0.100000	1.000000	0.100000	0.000006
0.100000	1.000000	0.200000	0.000005
0.100000	1.000000	0.300000	0.000004
0.100000	1.000000	0.400000	0.000003
0.100000	1.000000	0.500000	0.000002
0.100000	1.000000	0.600000	0.000002
0.100000	1.000000	0.700000	0.000002
0.100000	1.000000	0.800000	0.000002
0.100000	1.000000	0.900000	0.000002
0.100000	1.000000	1.000000	0.000002
0.200000	0.000000	0.000000	0.000005
0.200000	0.000000	0.100000	0.000005
0.200000	0.000000	0.200000	0.000006
0.200000	0.000000	0.300000	0.000005
0.200000	0.000000	0.400000	0.000004
0.200000	0.000000	0.500000	0.000003
0.200000	0.000000	0.600000	0.000003
0.200000	0.000000	0.700000	0.000003
0.200000	0.000000	0.800000	0.000002
0.200000	0.000000	0.900000	0.000002
0.200000	0.000000	1.000000	0.000002
0.200000	0.100000	0.000000	0.000005
0.200000	0.100000	0.100000	0.000005
0.200000	0.100000	0.200000	0.000006
0.200000	0.100000	0.300000	0.000005
0.200000	0.100000	0.400000	0.000004
0.200000	0.100000	0.500000	0.000003
0.200000	0.100000	0.600000	0.000003
0.200000	0.100000	0.700000	0.000003
0.200000	0.100000	0.800000	0.000002
0.200000	0.100000	0.900000	0.000002
0.200000	0.100000	1.000000	0.000002
0.200000	0.200000	0.000000	0.000005
0.200000	0.200000	0.100000	0.000005
0.200000	0.200000	0.200000	0.000006
0.200000	0.200000	0.300000	0.000006
0.200000	0.200000	0.400000	0.000006
0.200000	0.200000	0.500000	0.000006
0.200000	0.200000	0.600000	0.000006
0.200000	0.200000	0.700000	0.000006
0.200000	0.200000	0.800000	0.000004
0.200000	0.200000	0.900000	0.000005
0.200000	0.200000	1.000000	0.000005
0.200000	0.300000	0.000000	0.000004
0.200000	0.300000	0.100000	0.000004
0.200000	0.300000	0.200000	0.000006
0.200000	0.300000	0.300000	0.000006
0.200000	0.300000	0.400000	0.000006
0.200000	0.300000	0.500000	0.000006
0.200000	0.300000	0.600000	0.000006
0.200000	0.300000	0.700000	0.000006
0.200000	0.300000	0.800000	0.000006
0.200000	0.300000	0.900000	0.000004
0.200000	0.300000	1.000000	0.000004
0.200000	0.400000	0.000000	0.000004
0.200000	0.400000	0.100000	0.000004
0.200000	0.400000	0.200000	0.000006
0.200000	0.400000	0.300000	0.000006
0.200000	0.400000	0.400000	0.000006
0.200000	0.400000	0.500000	0.000006
0.200000	0.400000	0.600000	0.000006
0.200000	0.400000	0.700000	0.000006
0.200000	0.400000	0.800000	0.000006
0.200000	0.400000	0.900000	0.000004
0.200000	0.400000	1.000000	0.000004
0.200000	0.500000	0.000000	0.000004
0.200000	0.500000	0.100000	0.000004
0.200000	0.500000	0.200000	0.000006
0.200000	0.500000	0.300000	0.000006
0.200000	0.500000	0.400000	0.000006
0.200000	0.500000	0.500000	0.000006
0.200000	0.500000	0.600000	0.000006
0.200000	0.500000	0.700000	0.000006
0.200000	0.500000	0.800000	0.000006
0.200000	0.500000	0.900000	0.000004
0.200000	0.500000	1.000000	0.000004
0.200000	0.600000	0.000000	0.000004
0.200000	0.600000	0.100000	0.000004
0.200000	0.600000	0.200000	0.000006
0.200000	0.600000	0.300000	0.000006
0.200000	0.600000	0.400000	0.000006
0.200000	0.600000	0.500000	0.000006
0.200000	0.600000	0.600000	0.000006
0.200000	0.600000	0.700000	0.000006
0.200000	0.600000	0.800000	0.000006
0.200000	0.600000	0.900000	0.000004
0.200000	0.600000	1.000000	0.000004
0.200000	0.700000	0.000000	0.000004
0.200000	0.700000	0.100000	0.000004
0.200000	0.700000	0.200000	0.000006
0.200000	0.700000	0.300000	0.000006
0.200000	0.700000	0.400000	0.000006
0.200000	0.700000	0.500000	0.000006
0.200000	0.700000	0.600000	0.000006
0.200000	0.700000	0.700000	0.000006
0.200000	0.700000	0.800000	0.000006
0.200000	0.700000	0.900000	0.000005
0.200000	0.700000	1.000000	0.000005
0.200000	0.800000	0.000000	0.000005
0.200000	0.800000	0.100000	0.000005
0.200000	0.800000	0.200000	0.000006
0.200000	0.800000	0.300000	0.000006
0.200000	0.800000	0.400000	0.000006
0.200000	0.800000	0.500000	0.000006
0.200000	0.800000	0.600000	0.000005
0.200000	0.800000	0.700000	0.000004
0.200000	0.800000	0.800000	0.000003
0.200000	0.800000	0.900000	0.000003
0.200000	0.800000	1.000000	0.000003
0.200000	0.900000	0.000000	0.000006
0.200000	0.900000	0.100000	0.000006
0.200000	0.900000	0.200000	0.000006
0.200000	0.900000	0.300000	0.000005
0.200000	0.900000	0.400000	0.000004
0.200000	0.900000	0.500000	0.000003
0.200000	0.900000	0.600000	0.000002
0.200000	0.900000	0.700000	0.000002
0.200000	0.900000	0.800000	0.000002
0.200000	0.900000	0.900000	0.000002
0.200000	0.900000	1.000000	0.000002
0.200000	1.000000	0.000000	0.000006
0.200000	1.000000	0.100000	0.000006
0.200000	1.000000	0.200000	0.000006
0.200000	1.000000	0.300000	0.000005
0.200000	1.000000	0.400000	0.000004
0.200000	1.000000	0.500000	0.000003
0.200000	1.000000	0.600000	0.000002
0.200000	1.000000	0.700000	0.000002
0.200000	1.000000	0.800000	0.000002
0.200000	1.000000	0.900000	0.000002
0.200000	1.000000	1.000000	0.000002
0.300000	0.000000	0.000000	0.000005
0.300000	0.000000	0.100000	0.000005
0.300000	0.000000	0.200000	0.000006
0.300000	0.000000	0.300000	0.000006
0.300000	0.000000	0.400000	0.000005
0.300000	0.000000	0.500000	0.000004
0.300000	0.000000	0.600000	0.000003
0.300000	0.000000	0.700000	0.000003
0.300000	0.000000	0.800000	0.000002
0.300000	0.000000	0.900000	0.000002
0.300000	0.000000	1.000000	0.000002
0.300000	0.100000	0.000000	0.000005
0.300000	0.100000	0.100000	0.000005
0.300000	0.100000	0.200000	0.000006
0.300000	0.100000	0.300000	0.000006
0.300000	0.100000	0.400000	0.000005
0.300000	0.100000	0.500000	0.000004
0.300000	0.100000	0.600000	0.000003
0.300000	0.100000	0.700000	0.000003
0.300000	0.100000	0.800000	0.000002
0.300000	0.100000	0.900000	0.000002
0.300000	0.100000	1.000000	0.000002
0.300000	0.200000	0.000000	0.000004
0.300000	0.200000	0.100000	0.000004
0.300000	0.200000	0.200000	0.000006
0.300000	0.200000	0.300000	0.000006
0.300000	0.200000	0.400000	0.000006
0.300000	0.200000	0.500000	0.000006
0.300000	0.200000	0.600000	0.000006
0.300000	0.200000	0.700000	0.000006
0.300000	0.200000	0.800000	0.000006
0.300000	0.200000	0.900000	0.000004
0.300000	0.200000	1.000000	0.000004
0.300000	0.300000	0.000000	0.000004
0.300000	0.300000	0.100000	0.000004
0.300000	0.300000	0.200000	0.000006
0.300000	0.300000	0.300000	0.000006
0.300000	0.300000	0.400000	0.000006
0.300000	0.300000	0.500000	0.000006
0.300000	0.300000	0.600000	0.000006
0.300000	0.300000	0.700000	0.000008
0.300000	0.300000	0.800000	0.000018
0.300000	0.300000	0.900000	0.000746
0.300000	0.300000	1.000000	0.000746
0.300000	0.400000	0.000000	0.000004
0.300000	0.400000	0.100000	0.000004
0.300000	0.400000	0.200000	0.000006
0.300000	0.400000	0.300000	0.000006
0.300000	0.400000	0.400000	0.000006
0.300000	0.400000	0.500000	0.000006
0.300000	0.400000	0.600000	0.000008
0.300000	0.400000	0.700000	0.000011
0.300000	0.400000	0.800000	0.000022
0.300000	0.400000	0.900000	0.000050
0.300000	0.400000	1.000000	0.000050
0.300000	0.500000	0.000000	0.000004
0.300000	0.500000	0.100000	0.000004
0.300000	0.500000	0.200000	0.000006
0.300000	0.500000	0.300000	0.000006
0.300000	0.500000	0.400000	0.000006
0.300000	0.500000	0.500000	0.000006
0.300000	0.500000	0.600000	0.000008
0.300000	0.500000	0.700000	0.000011
0.300000	0.500000	0.800000	0.000017
0.300000	0.500000	0.900000	0.000020
0.300000	0.500000	1.000000	0.000020
0.300000	0.600000	0.000000	0.000004
0.300000	0.600000	0.100000	0.000004
0.300000	0.600000	0.200000	0.000006
0.300000	0.600000	0.300000	0.000006
0.300000	0.600000	0.400000	0.000006
0.300000	0.600000	0.500000	0.000006
0.300000	0.600000	0.600000	0.000008
0.300000	0.600000	0.700000	0.000011
0.300000	0.600000	0.800000	0.000022
0.300000	0.600000	0.900000	0.000052
0.300000	0.600000	1.000000	0.000052
0.300000	0.700000	0.000000	0.000004
0.300000	0.700000	0.100000	0.000004
0.300000	0.700000	0.200000	0.000006
0.300000	0.700000	0.300000	0.000006
0.300000	0.700000	0.400000	0.000006
0.300000	0.700000	0.500000	0.000006
0.300000	0.700000	0.600000	0.000006
0.300000	0.700000	0.700000	0.000009
0.300000	0.700000	0.800000	0.000020
0.300000	0.700000	0.900000	0.000812
0.300000	0.700000	1.000000	0.000812
0.300000	0.800000	0.000000	0.000004
0.300000	0.800000	0.100000	0.000004
0.300000	0.800000	0.200000	0.000006
0.300000	0.800000	0.300000	0.000006
0.300000	0.800000	0.400000	0.000006
0.300000	0.800000	0.500000	0.000006
0.300000	0.800000	0.600000	0.000006
0.300000	0.800000	0.700000	0.000006
0.300000	0.800000	0.800000	0.000005
0.300000	0.800000	0.900000	0.000002
0.300000	0.800000	1.000000	0.000002
0.300000	0.900000	0.000000	0.000005
0.300000	0.900000	0.100000	0.000005
0.300000	0.900000	0.200000	0.000006
0.300000	0.900000	0.300000	0.000006
0.300000	0.900000	0.400000	0.000005
0.300000	0.900000	0.500000	0.000004
0.300000	0.900000	0.600000	0.000003
0.300000	0.900000	0.700000	0.000003
0.300000	0.900000	0.800000	0.000002
0.300000	0.900000	0.900000	0.000002
0.300000	0.900000	1.000000	0.000002
0.300000	1.000000	0.000000	0.000005
0.300000	1.000000	0.100000	0.000005
0.300000	1.000000	0.200000	0.000006
0.300000	1.000000	0.300000	0.000006
0.300000	1.000000	0.400000	0.000005
0.300000	1.000000	0.500000	0.000004
0.300000	1.000000	0.600000	0.000003
0.300000	1.000000	0.700000	0.000003
0.300000	1.000000	0.800000	0.000002
0.300000	1.000000	0.900000	0.000002
0.300000	1.000000	1.000000	0.000002
0.400000	0.000000	0.000000	0.000005
0.400000	0.000000	0.100000	0.000005
0.400000	0.000000	0.200000	0.000006
0.400000	0.000000	0.300000	0.000006
0.400000	0.000000	0.400000	0.000006
0.400000	0.000000	0.500000	0.000005
0.400000	0.000000	0.600000	0.000004
0.400000	0.000000	0.700000	0.000003
0.400000	0.000000	0.800000	0.000002
0.400000	0.000000	0.900000	0.000002
0.400000	0.000000	1.000000	0.000002
0.400000	0.100000	0.000000	0.000005
0.400000	0.100000	0.100000	0.000005
0.400000	0.100000	0.200000	0.000006
0.400000	0.100000	0.300000	0.000006
0.400000	0.100000	0.400000	0.000006
0.400000	0.100000	0.500000	0.000005
0.400000	0.100000	0.600000	0.000004
0.400000	0.100000	0.700000	0.000003
0.400000	0.100000	0.800000	0.000002
0.400000	0.100000	0.900000	0.000002
0.400000	0.100000	1.000000	0.000002
0.400000	0.200000	0.000000	0.000004
0.400000	0.200000	0.100000	0.000004
0.400000	0.200000	0.200000	0.000006
0.400000	0.200000	0.300000	0.000006
0.400000	0.200000	0.400000	0.000006
0.400000	0.200000	0.500000	0.000006
0.400000	0.200000	0.600000	0.000006
0.400000	0.200000	0.700000	0.000006
0.400000	0.200000	0.800000	0.000006
0.400000	0.200000	0.900000	0.000004
0.400000	0.200000	1.000000	0.000004
0.400000	0.300000	0.000000	0.000004
0.400000	0.300000	0.100000	0.000004
0.400000	0.300000	0.200000	0.000006
0.400000	0.300000	0.300000	0.000006
0.400000	0.300000	0.400000	0.000006
0.400000	0.300000	0.500000	0.000006
0.400000	0.300000	0.600000	0.000008
0.400000	0.300000	0.700000	0.000011
0.400000	0.300000	0.800000	0.000022
0.400000	0.300000	0.900000	0.000050
0.400000	0.300000	1.000000	0.000050
0.400000	0.400000	0.000000	0.000004
0.400000	0.400000	0.100000	0.000004
0.400000	0.400000	0.200000	0.000006
0.400000	0.400000	0.300000	0.000006
0.400000	0.400000	0.400000	0.000006
0.400000	0.400000	0.500000	0.000006
0.400000	0.400000	0.600000	0.000009
0.400000	0.400000	0.700000	0.000015
0.400000	0.400000	0.800000	0.000024
0.400000	0.400000	0.900000	0.000006
0.400000	0.400000	1.000000	0.000006
0.400000	0.500000	0.000000	0.000004
0.400000	0.500000	0.100000	0.000004
0.400000	0.500000	0.200000	0.000006
0.400000	0.500000	0.300000	0.000006
0.400000	0.500000	0.400000	0.000006
0.400000	0.500000	0.500000	0.000007
0.400000	0.500000	0.600000	0.000010
0.400000	0.500000	0.700000	0.000016
0.400000	0.500000	0.800000	0.000018
0.400000	0.500000	0.900000	0.000007
0.400000	0.500000	1.000000	0.000007
0.400000	0.600000	0.000000	0.000004
0.400000	0.600000	0.100000	0.000004
0.400000	0.600000	0.200000	0.000006
0.400000	0.600000	0.300000	0.000006
0.400000	0.600000	0.400000	0.000006
0.400000	0.600000	0.500000	0.000006
0.400000	0.600000	0.600000	0.000009
0.400000	0.600000	0.700000	0.000015
0.400000	0.600000	0.800000	0.000026
0.400000	0.600000	0.900000	0.000006
0.400000	0.600000	1.000000	0.000006
0.400000	0.700000	0.000000	0.000004
0.400000	0.700000	0.100000	0.000004
0.400000	0.700000	0.200000	0.000006
0.400000	0.700000	0.300000	0.000006
0.400000	0.700000	0.400000	0.000006
0.400000	0.700000	0.500000	0.000006
0.400000	0.700000	0.600000	0.000008
0.400000	0.700000	0.700000	0.000011
0.400000	0.700000	0.800000	0.000024
0.400000	0.700000	0.900000	0.000055
0.400000	0.700000	1.000000	0.000055
0.400000	0.800000	0.000000	0.000004
0.400000	0.800000	0.100000	0.000004
0.400000	0.800000	0.200000	0.000006
0.400000	0.800000	0.300000	0.000006
0.400000	0.800000	0.400000	0.000006
0.400000	0.800000	0.500000	0.000006
0.400000	0.800000	0.600000	0.000006
0.400000	0.800000	0.700000	0.000006
0.400000	0.800000	0.800000	0.000005
0.400000	0.800000	0.900000	0.000002
0.400000	0.800000	1.000000	0.000002
0.400000	0.900000	0.000000	0.000005
0.400000	0.900000	0.100000	0.000005
0.400000	0.900000	0.200000	0.000006
0.400000	0.900000	0.300000	0.000006
0.400000	0.900000	0.400000	0.000005
0.400000	0.900000	0.500000	0.000005
0.400000	0.900000	0.600000	0.000003
0.400000	0.900000	0.700000	0.000003
0.400000	0.900000	0.800000	0.000002
0.400000	0.900000	0.900000	0.000002
0.400000	0.900000	1.000000	0.000002
0.400000	1.000000	0.000000	0.000005
0.400000	1.000000	0.100000	0.000005
0.400000	1.000000	0.200000	0.000006
0.400000	1.000000	0.300000	0.000006
0.400000	1.000000	0.400000	0.000005
0.400000	1.000000	0.500000	0.000005
0.400000	1.000000	0.600000	0.000003
0.400000	1.000000	0.700000	0.000003
0.400000	1.000000	0.800000	0.000002
0.400000	1.000000	0.900000	0.000002
0.400000	1.000000	1.000000	0.000002
0.500000	0.000000	0.000000	0.000005
0.500000	0.000000	0.100000	0.000005
0.500000	0.000000	0.200000	0.000006
0.500000	0.000000	0.300000	0.000006
0.500000	0.000000	0.400000	0.000006
0.500000	0.000000	0.500000	0.000005
0.500000	0.000000	0.600000	0.000004
0.500000	0.000000	0.700000	0.000003
0.500000	0.000000	0.800000	0.000002
0.500000	0.000000	0.900000	0.000002
0.500000	0.000000	1.000000	0.000002
0.500000	0.100000	0.000000	0.000005
0.500000	0.100000	0.100000	0.000005
0.500000	0.100000	0.200000	0.000006
0.500000	0.100000	0.300000	0.000006
0.500000	0.100000	0.400000	0.000006
0.500000	0.100000	0.500000	0.000005
0.500000	0.100000	0.600000	0.000004
0.500000	0.100000	0.700000	0.000003
0.500000	0.100000	0.800000	0.000002
0.500000	0.100000	0.900000	0.000002
0.500000	0.100000	1.000000	0.000002
0.500000	0.200000	0.000000	0.000004
0.500000	0.200000	0.100000	0.000004
0.500000	0.200000	0.200000	0.000006
0.500000	0.200000	0.300000	0.000006
0.500000	0.200000	0.400000	0.000006
0.500000	0.200000	0.500000	0.000006
0.500000	0.200000	0.600000	0.000006
0.500000	0.200000	0.700000	0.000006
0.500000	0.200000	0.800000	0.000006
0.500000	0.200000	0.900000	0.000004
0.500000	0.200000	1.000000	0.000004
0.500000	0.300000	0.000000	0.000004
0.500000	0.300000	0.100000	0.000004
0.500000	0.300000	0.200000	0.000006
0.500000	0.300000	0.300000	0.000006
0.500000	0.300000	0.400000	0.000006
0.500000	0.300000	0.500000	0.000006
0.500000	0.300000	0.600000	0.000008
0.500000	0.300000	0.700000	0.000011
0.500000	0.300000	0.800000	0.000017
0.500000	0.300000	0.900000	0.000020
0.500000	0.300000	1.000000	0.000020
0.500000	0.400000	0.000000	0.000004
0.500000	0.400000	0.100000	0.000004
0.500000	0.400000	0.200000	0.000006
0.500000	0.400000	0.300000	0.000006
0.500000	0.400000	0.400000	0.000006
0.500000	0.400000	0.500000	0.000007
0.500000	0.400000	0.600000	0.000010
0.500000	0.400000	0.700000	0.000016
0.500000	0.400000	0.800000	0.000018
0.500000	0.400000	0.900000	0.000007
0.500000	0.400000	1.000000	0.000007
0.500000	0.500000	0.000000	0.000004
0.500000	0.500000	0.100000	0.000004
0.500000	0.500000	0.200000	0.000006
0.500000	0.500000	0.300000	0.000006
0.500000	0.500000	0.400000	0.000006
0.500000	0.500000	0.500000	0.000008
0.500000	0.500000	0.600000	0.000011
0.500000	0.500000	0.700000	0.000018
0.500000	0.500000	0.800000	0.000014
0.500000	0.500000	0.900000	0.000005
0.500000	0.500000	1.000000	0.000005
0.500000	0.600000	0.000000	0.000004
0.500000	0.600000	0.100000	0.000004
0.500000	0.600000	0.200000	0.000006
0.500000	0.600000	0.300000	0.000006
0.500000	0.600000	0.400000	0.000006
0.500000	0.600000	0.500000	0.000007
0.500000	0.600000	0.600000	0.000010
0.500000	0.600000	0.700000	0.000017
0.500000	0.600000	0.800000	0.000018
0.500000	0.600000	0.900000	0.000007
0.500000	0.600000	1.000000	0.000007
0.500000	0.700000	0.000000	0.000004
0.500000	0.700000	0.100000	0.000004
0.500000	0.700000	0.200000	0.000006
0.500000	0.700000	0.300000	0.000006
0.500000	0.700000	0.400000	0.000006
0.500000	0.700000	0.500000	0.000006
0.500000	0.700000	0.600000	0.000009
0.500000	0.700000	0.700000	0.000011
0.500000	0.700000	0.800000	0.000018
0.500000	0.700000	0.900000	0.000022
0.500000	0.700000	1.000000	0.000022
0.500000	0.800000	0.000000	0.000004
0.500000	0.800000	0.100000	0.000004
0.500000	0.800000	0.200000	0.000006
0.500000	0.800000	0.300000	0.000006
0.500000	0.800000	0.400000	0.000006
0.500000	0.800000	0.500000	0.000006
0.500000	0.800000	0.600000	0.000006
0.500000	0.800000	0.700000	0.000006
0.500000	0.800000	0.800000	0.000005
0.500000	0.800000	0.900000	0.000002
0.500000	0.800000	1.000000	0.000002
0.500000	0.900000	0.000000	0.000005
0.500000	0.900000	0.100000	0.000005
0.500000	0.900000	0.200000	0.000006
0.500000	0.900000	0.300000	0.000006
0.500000	0.900000	0.400000	0.000006
0.500000	0.900000	0.500000	0.000005
0.500000	0.900000	0.600000	0.000003
0.500000	0.900000	0.700000	0.000003
0.500000	0.900000	0.800000	0.000002
0.500000	0.900000	0.900000	0.000002
0.500000	0.900000	1.000000	0.000002
0.500000	1.000000	0.000000	0.000005
0.500000	1.000000	0.100000	0.000005
0.500000	1.000000	0.200000	0.000006
0.500000	1.000000	0.300000	0.000006
0.500000	1.000000	0.400000	0.000006
0.500000	1.000000	0.500000	0.000005
0.500000	1.000000	0.600000	0.000003
0.500000	1.000000	0.700000	0.000003
0.500000	1.000000	0.800000	0.000002
0.500000	1.000000	0.900000	0.000002
0.500000	1.000000	1.000000	0.000002
0.600000	0.000000	0.000000	0.000005
0.600000	0.000000	0.100000	0.000005
0.600000	0.000000	0.200000	0.000006
0.600000	0.000000	0.300000	0.000006
0.600000	0.000000	0.400000	0.000006
0.600000	0.000000	0.500000	0.000005
0.600000	0.000000	0.600000	0.000004
0.600000	0.000000	0.700000	0.000003
0.600000	0.000000	0.800000	0.000002
0.600000	0.000000	0.900000	0.000002
0.600000	0.000000	1.000000	0.000002
0.600000	0.100000	0.000000	0.000005
0.600000	0.100000	0.100000	0.000005
0.600000	0.100000	0.200000	0.000006
0.600000	0.100000	0.300000	0.000006
0.600000	0.100000	0.400000	0.000006
0.600000	0.100000	0.500000	0.000005
0.600000	0.100000	0.600000	0.000004
0.600000	0.100000	0.700000	0.000003
0.600000	0.100000	0.800000	0.000002
0.600000	0.100000	0.900000	0.000002
0.600000	0.100000	1.000000	0.000002
0.600000	0.200000	0.000000	0.000004
0.600000	0.200000	0.100000	0.000004
0.600000	0.200000	0.200000	0.000006
0.600000	0.200000	0.300000	0.000006
0.600000	0.200000	0.400000	0.000006
0.600000	0.200000	0.500000	0.000006
0.600000	0.200000	0.600000	0.000006
0.600000	0.200000	0.700000	0.000006
0.600000	0.200000	0.800000	0.000006
0.600000	0.200000	0.900000	0.000004
0.600000	0.200000	1.000000	0.000004
0.600000	0.300000	0.000000	0.000004
0.600000	0.300000	0.100000	0.000004
0.600000	0.300000	0.200000	0.000006
0.600000	0.300000	0.300000	0.000006
0.600000	0.300000	0.400000	0.000006
0.600000	0.300000	0.500000	0.000006
0.600000	0.300000	0.600000	0.000008
0.600000	0.300000	0.700000	0.000011
0.600000	0.300000	0.800000	0.000022
0.600000	0.300000	0.900000	0.000055
0.600000	0.300000	1.000000	0.000055
0.600000	0.400000	0.000000	0.000004
0.600000	0.400000	0.100000	0.000004
0.600000	0.400000	0.200000	0.000006
0.600000	0.400000	0.300000	0.000006
0.600000	0.400000	0.400000	0.000006
0.600000	0.400000	0.500000	0.000006
0.600000	0.400000	0.600000	0.000009
0.600000	0.400000	0.700000	0.000015
0.600000	0.400000	0.800000	0.000026
0.600000	0.400000	0.900000	0.000007
0.600000	0.400000	1.000000	0.000007
0.600000	0.500000	0.000000	0.000004
0.600000	0.500000	0.100000	0.000004
0.600000	0.500000	0.200000	0.000006
0.600000	0.500000	0.300000	0.000006
0.600000	0.500000	0.400000	0.000006
0.600000	0.500000	0.500000	0.000007
0.600000	0.500000	0.600000	0.000010
0.600000	0.500000	0.700000	0.000017
0.600000	0.500000	0.800000	0.000018
0.600000	0.500000	0.900000	0.000007
0.600000	0.500000	1.000000	0.000007
0.600000	0.600000	0.000000	0.000004
0.600000	0.600000	0.100000	0.000004
0.600000	0.600000	0.200000	0.000006
0.600000	0.600000	0.300000	0.000006
0.600000	0.600000	0.400000	0.000006
0.600000	0.600000	0.500000	0.000006
0.600000	0.600000	0.600000	0.000009
0.600000	0.600000	0.700000	0.000016
0.600000	0.600000	0.800000	0.000027
0.600000	0.600000	0.900000	0.000006
0.600000	0.600000	1.000000	0.000006
0.600000	0.700000	0.000000	0.000004
0.600000	0.700000	0.100000	0.000004
0.600000	0.700000	0.200000	0.000006
0.600000	0.700000	0.300000	0.000006
0.600000	0.700000	0.400000	0.000006
0.600000	0.700000	0.500000	0.000006
0.600000	0.700000	0.600000	0.000008
0.600000	0.700000	0.700000	0.000011
0.600000	0.700000	0.800000	0.000025
0.600000	0.700000	0.900000	0.000054
0.600000	0.700000	1.000000	0.000054
0.600000	0.800000	0.000000	0.000004
0.600000	0.800000	0.100000	0.000004
0.600000	0.800000	0.200000	0.000006
0.600000	0.800000	0.300000	0.000006
0.600000	0.800000	0.400000	0.000006
0.600000	0.800000	0.500000	0.000006
0.600000	0.800000	0.600000	0.000006
0.600000	0.800000	0.700000	0.000006
0.600000	0.800000	0.800000	0.000005
0.600000	0.800000	0.900000	0.000002
0.600000	0.800000	1.000000	0.000002
0.600000	0.900000	0.000000	0.000005
0.600000	0.900000	0.100000	0.000005
0.600000	0.900000	0.200000	0.000006
0.600000	0.900000	0.300000	0.000006
0.600000	0.900000	0.400000	0.000005
0.600000	0.900000	0.500000	0.000005
0.600000	0.900000	0.600000	0.000003
0.600000	0.900000	0.700000	0.000003
0.600000	0.900000	0.800000	0.000002
0.600000	0.900000	0.900000	0.000002
0.600000	0.900000	1.000000	0.000002
0.600000	1.000000	0.000000	0.000005
0.600000	1.000000	0.100000	0.000005
0.600000	1.000000	0.200000	0.000006
0.600000	1.000000	0.300000	0.000006
0.600000	1.000000	0.400000	0.000005
0.600000	1.000000	0.500000	0.000005
0.600000	1.000000	0.600000	0.000003
0.600000	1.000000	0.700000	0.000003
0.600000	1.000000	0.800000	0.000002
0.600000	1.000000	0.900000	0.000002
0.600000	1.000000	1.000000	0.000002
0.700000	0.000000	0.000000	0.000005
0.700000	0.000000	0.100000	0.000005
0.700000	0.000000	0.200000	0.000006
0.700000	0.000000	0.300000	0.000006
0.700000	0.000000	0.400000	0.000005
0.700000	0.000000	0.500000	0.000004
0.700000	0.000000	0.600000	0.000003
0.700000	0.000000	0.700000	0.000003
0.700000	0.000000	0.800000	0.000002
0.700000	0.000000	0.900000	0.000002
0.700000	0.000000	1.000000	0.000002
0.700000	0.100000	0.000000	0.000005
0.700000	0.100000	0.100000	0.000005
0.700000	0.100000	0.200000	0.000006
0.700000	0.100000	0.300000	0.000006
0.700000	0.100000	0.400000	0.000005
0.700000	0.100000	0.500000	0.000004
0.700000	0.100000	0.600000	0.000003
0.700000	0.100000	0.700000	0.000003
0.700000	0.100000	0.800000	0.000002
0.700000	0.100000	0.900000	0.000002
0.700000	0.100000	1.000000	0.000002
0.700000	0.200000	0.000000	0.000004
0.700000	0.200000	0.100000	0.000004
0.700000	0.200000	0.200000	0.000006
0.700000	0.200000	0.300000	0.000006
0.700000	0.200000	0.400000	0.000006
0.700000	0.200000	0.500000	0.000006
0.700000	0.200000	0.600000	0.000006
0.700000	0.200000	0.700000	0.000006
0.700000	0.200000	0.800000	0.000006
0.700000	0.200000	0.900000	0.000005
0.700000	0.200000	1.000000	0.000005
0.700000	0.300000	0.000000	0.000004
0.700000	0.300000	0.100000	0.000004
0.700000	0.300000	0.200000	0.000006
0.700000	0.300000	0.300000	0.000006
0.700000	0.300000	0.400000	0.000006
0.700000	0.300000	0.500000	0.000006
0.700000	0.300000	0.600000	0.000006
0.700000	0.300000	0.700000	0.000009
0.700000	0.300000	0.800000	0.000020
0.700000	0.300000	0.900000	0.000878
0.700000	0.300000	1.000000	0.000878
0.700000	0.400000	0.000000	0.000004
0.700000	0.400000	0.100000	0.000004
0.700000	0.400000	0.200000	0.000006
0.700000	0.400000	0.300000	0.000006
0.700000	0.400000	0.400000	0.000006
0.700000	0.400000	0.500000	0.000006
0.700000	0.400000	0.600000	0.000008
0.700000	0.400000	0.700000	0.000011
0.700000	0.400000	0.800000	0.000024
0.700000	0.400000	0.900000	0.000057
0.700000	0.400000	1.000000	0.000057
0.700000	0.500000	0.000000	0.000004
0.700000	0.500000	0.100000	0.000004
0.700000	0.500000	0.200000	0.000006
0.700000	0.500000	0.300000	0.000006
0.700000	0.500000	0.400000	0.000006
0.700000	0.500000	0.500000	0.000006
0.700000	0.500000	0.600000	0.000009
0.700000	0.500000	0.700000	0.000011
0.700000	0.500000	0.800000	0.000018
0.700000	0.500000	0.900000	0.000023
0.700000	0.500000	1.000000	0.000023
0.700000	0.600000	0.000000	0.000004
0.700000	0.600000	0.100000	0.000004
0.700000	0.600000	0.200000	0.000006
0.700000	0.600000	0.300000	0.000006
0.700000	0.600000	0.400000	0.000006
0.700000	0.600000	0.500000	0.000006
0.700000	0.600000	0.600000	0.000008
0.700000	0.600000	0.700000	0.000011
0.700000	0.600000	0.800000	0.000026
0.700000	0.600000	0.900000	0.000055
0.700000	0.600000	1.000000	0.000055
0.700000	0.700000	0.000000	0.000004
0.700000	0.700000	0.100000	0.000004
0.700000	0.700000	0.200000	0.000006
0.700000	0.700000	0.300000	0.000006
0.700000	0.700000	0.400000	0.000006
0.700000	0.700000	0.500000	0.000006
0.700000	0.700000	0.600000	0.000006
0.700000	0.700000	0.700000	0.000009
0.700000	0.700000	0.800000	0.000023
0.700000	0.700000	0.900000	0.000954
0.700000	0.700000	1.000000	0.000954
0.700000	0.800000	0.000000	0.000005
0.700000	0.800000	0.100000	0.000005
0.700000	0.800000	0.200000	0.000006
0.700000	0.800000	0.300000	0.000006
0.700000	0.800000	0.400000	0.000006
0.700000	0.800000	0.500000	0.000006
0.700000	0.800000	0.600000	0.000006
0.700000	0.800000	0.700000	0.000006
0.700000	0.800000	0.800000	0.000006
0.700000	0.800000	0.900000	0.000002
0.700000	0.800000	1.000000	0.000002
0.700000	0.900000	0.000000	0.000006
0.700000	0.900000	0.100000	0.000006
0.700000	0.900000	0.200000	0.000006
0.700000	0.900000	0.300000	0.000006
0.700000	0.900000	0.400000	0.000005
0.700000	0.900000	0.500000	0.000004
0.700000	0.900000	0.600000	0.000003
0.700000	0.900000	0.700000	0.000003
0.700000	0.900000	0.800000	0.000002
0.700000	0.900000	0.900000	0.000002
0.700000	0.900000	1.000000	0.000002
0.700000	1.000000	0.000000	0.000006
0.700000	1.000000	0.100000	0.000006
0.700000	1.000000	0.200000	0.000006
0.700000	1.000000	0.300000	0.000006
0.700000	1.000000	0.400000	0.000005
0.700000	1.000000	0.500000	0.000004
0.700000	1.000000	0.600000	0.000003
0.700000	1.000000	0.700000	0.000003
0.700000	1.000000	0.800000	0.000002
0.700000	1.000000	0.900000	0.000002
0.700000	1.000000	1.000000	0.000002
0.800000	0.000000	0.000000	0.000006
0.800000	0.000000	0.100000	0.000006
0.800000	0.000000	0.200000	0.000006
0.800000	0.000000	0.300000	0.000005
0.800000	0.000000	0.400000	0.000004
0.800000	0.000000	0.500000	0.000003
0.800000	0.000000	0.600000	0.000003
0.800000	0.000000	0.700000	0.000002
0.800000	0.000000	0.800000	0.000002
0.800000	0.000000	0.900000	0.000002
0.800000	0.000000	1.000000	0.000002
0.800000	0.100000	0.000000	0.000006
0.800000	0.100000	0.100000	0.000006
0.800000	0.100000	0.200000	0.000006
0.800000	0.100000	0.300000	0.000005
0.800000	0.100000	0.400000	0.000004
0.800000	0.100000	0.500000	0.000003
0.800000	0.100000	0.600000	0.000003
0.800000	0.100000	0.700000	0.000002
0.800000	0.100000	0.800000	0.000002
0.800000	0.100000	0.900000	0.000002
0.800000	0.100000	1.000000	0.000002
0.800000	0.200000	0.000000	0.000005
0.800000	0.200000	0.100000	0.000005
0.800000	0.200000	0.200000	0.000006
0.800000	0.200000	0.300000	0.000006
0.800000	0.200000	0.400000	0.000006
0.800000	0.200000	0.500000	0.000006
0.800000	0.200000	0.600000	0.000005
0.800000	0.200000	0.700000	0.000004
0.800000	0.200000	0.800000	0.000003
0.800000	0.200000	0.900000	0.000003
0.800000	0.200000	1.000000	0.000003
0.800000	0.300000	0.000000	0.000004
0.800000	0.300000	0.100000	0.000004
0.800000	0.300000	0.200000	0.000006
0.800000	0.300000	0.300000	0.000006
0.800000	0.300000	0.400000	0.000006
0.800000	0.300000	0.500000	0.000006
0.800000	0.300000	0.600000	0.000006
0.800000	0.300000	0.700000	0.000006
0.800000	0.300000	0.800000	0.000005
0.800000	0.300000	0.900000	0.000002
0.800000	0.300000	1.000000	0.000002
0.800000	0.400000	0.000000	0.000004
0.800000	0.400000	0.100000	0.000004
0.800000	0.400000	0.200000	0.000006
0.800000	0.400000	0.300000	0.000006
0.800000	0.400000	0.400000	0.000006
0.800000	0.400000	0.500000	0.000006
0.800000	0.400000	0.600000	0.000006
0.800000	0.400000	0.700000	0.000006
0.800000	0.400000	0.800000	0.000005
0.800000	0.400000	0.900000	0.000002
0.800000	0.400000	1.000000	0.000002
0.800000	0.500000	0.000000	0.000004
0.800000	0.500000	0.100000	0.000004
0.800000	0.500000	0.200000	0.000006
0.800000	0.500000	0.300000	0.000006
0.800000	0.500000	0.400000	0.000006
0.800000	0.500000	0.500000	0.000006
0.800000	0.500000	0.600000	0.000006
0.800000	0.500000	0.700000	0.000006
0.800000	0.500000	0.800000	0.000005
0.800000	0.500000	0.900000	0.000002
0.800000	0.500000	1.000000	0.000002
0.800000	0.600000	0.000000	0.000004
0.800000	0.600000	0.100000	0.000004
0.800000	0.600000	0.200000	0.000006
0.800000	0.600000	0.300000	0.000006
0.800000	0.600000	0.400000	0.000006
0.800000	0.600000	0.500000	0.000006
0.800000	0.600000	0.600000	0.000006
0.800000	0.600000	0.700000	0.000006
0.800000	0.600000	0.800000	0.000005
0.800000	0.600000	0.900000	0.000002
0.800000	0.600000	1.000000	0.000002
0.800000	0.700000	0.000000	0.000004
0.800000	0.700000	0.100000	0.000004
0.800000	0.700000	0.200000	0.000006
0.800000	0.700000	0.300000	0.000006
0.800000	0.700000	0.400000	0.000006
0.800000	0.700000	0.500000	0.000006
0.800000	0.700000	0.600000	0.000006
0.800000	0.700000	0.700000	0.000006
0.800000	0.700000	0.800000	0.000006
0.800000	0.700000	0.900000	0.000002
0.800000	0.700000	1.000000	0.000002
0.800000	0.800000	0.000000	0.000005
0.800000	0.800000	0.100000	0.000005
0.800000	0.800000	0.200000	0.000006
0.800000	0.800000	0.300000	0.000006
0.800000	0.800000	0.400000	0.000006
0.800000	0.800000	0.500000	0.000005
0.800000	0.800000	0.600000	0.000005
0.800000	0.800000	0.700000	0.000004
0.800000	0.800000	0.800000	0.000003
0.800000	0.800000	0.900000	0.000002
0.800000	0.800000	1.000000	0.000002
0.800000	0.900000	0.000000	0.000006
0.800000	0.900000	0.100000	0.000006
0.800000	0.900000	0.200000	0.000006
0.800000	0.900000	0.300000	0.000005
0.800000	0.900000	0.400000	0.000004
0.800000	0.900000	0.500000	0.000003
0.800000	0.900000	0.600000	0.000002
0.800000	0.900000	0.700000	0.000002
0.800000	0.900000	0.800000	0.000002
0.800000	0.900000	0.900000	0.000002
0.800000	0.900000	1.000000	0.000002
0.800000	1.000000	0.000000	0.000006
0.800000	1.000000	0.100000	0.000006
0.800000	1.000000	0.200000	0.000006
0.800000	1.000000	0.300000	0.000005
0.800000	1.000000	0.400000	0.000004
0.800000	1.000000	0.500000	0.000003
0.800000	1.000000	0.600000	0.000002
0.800000	1.000000	0.700000	0.000002
0.800000	1.000000	0.800000	0.000002
0.800000	1.000000	0.900000	0.000002
0.800000	1.000000	1.000000	0.000002
0.900000	0.000000	0.000000	0.000006
0.900000	0.000000	0.100000	0.000006
0.900000	0.000000	0.200000	0.000005
0.900000	0.000000	0.300000	0.000003
0.900000	0.000000	0.400000	0.000003
0.900000	0.000000	0.500000	0.000002
0.900000	0.000000	0.600000	0.000002
0.900000	0.000000	0.700000	0.000002
0.900000	0.000000	0.800000	0.000002
0.900000	0.000000	0.900000	0.000002
0.900000	0.000000	1.000000	0.000002
0.900000	0.100000	0.000000	0.000006
0.900000	0.100000	0.100000	0.000006
0.900000	0.100000	0.200000	0.000005
0.900000	0.100000	0.300000	0.000003
0.900000	0.100000	0.400000	0.000003
0.900000	0.100000	0.500000	0.000002
0.900000	0.100000	0.600000	0.000002
0.900000	0.100000	0.700000	0.000002
0.900000	0.100000	0.800000	0.000002
0.900000	0.100000	0.900000	0.000002
0.900000	0.100000	1.000000	0.000002
0.900000	0.200000	0.000000	0.000006
0.900000	0.200000	0.100000	0.000006
0.900000	0.200000	0.200000	0.000006
0.900000	0.200000	0.300000	0.000005
0.900000	0.200000	0.400000	0.000004
0.900000	0.200000	0.500000	0.000003
0.900000	0.200000	0.600000	0.000003
0.900000	0.200000	0.700000	0.000002
0.900000	0.200000	0.800000	0.000002
0.900000	0.200000	0.900000	0.000002
0.900000	0.200000	1.000000	0.000002
0.900000	0.300000	0.000000	0.000005
0.900000	0.300000	0.100000	0.000005
0.900000	0.300000	0.200000	0.000006
0.900000	0.300000	0.300000	0.000006
0.900000	0.300000	0.400000	0.000005
0.900000	0.300000	0.500000	0.000004
0.900000	0.300000	0.600000	0.000003
0.900000	0.300000	0.700000	0.000002
0.900000	0.300000	0.800000	0.000002
0.900000	0.300000	0.900000	0.000002
0.900000	0.300000	1.000000	0.000002
0.900000	0.400000	0.000000	0.000005
0.900000	0.400000	0.100000	0.000005
0.900000	0.400000	0.200000	0.000006
0.900000	0.400000	0.300000	0.000006
0.900000	0.400000	0.400000	0.000005
0.900000	0.400000	0.500000	0.000005
0.900000	0.400000	0.600000	0.000003
0.900000	0.400000	0.700000	0.000002
0.900000	0.400000	0.800000	0.000002
0.900000	0.400000	0.900000	0.000002
0.900000	0.400000	1.000000	0.000002
0.900000	0.500000	0.000000	0.000005
0.900000	0.500000	0.100000	0.000005
0.900000	0.500000	0.200000	0.000006
0.900000	0.500000	0.300000	0.000006
0.900000	0.500000	0.400000	0.000006
0.900000	0.500000	0.500000	0.000005
0.900000	0.500000	0.600000	0.000003
0.900000	0.500000	0.700000	0.000002
0.900000	0.500000	0.800000	0.000002
0.900000	0.500000	0.900000	0.000002
0.900000	0.500000	1.000000	0.000002
0.900000	0.600000	0.000000	0.000005
0.900000	0.600000	0.100000	0.000005
0.900000	0.600000	0.200000	0.000006
0.900000	0.600000	0.300000	0.000006
0.900000	0.600000	0.400000	0.000005
0.900000	0.600000	0.500000	0.000005
0.900000	0.600000	0.600000	0.000003
0.900000	0.600000	0.700000	0.000002
0.900000	0.600000	0.800000	0.000002
0.900000	0.600000	0.900000	0.000002
0.900000	0.600000	1.000000	0.000002
0.900000	0.700000	0.000000	0.000006
0.900000	0.700000	0.100000	0.000006
0.900000	0.700000	0.200000	0.000006
0.900000	0.700000	0.300000	0.000006
0.900000	0.700000	0.400000	0.000005
0.900000	0.700000	0.500000	0.000003
0.900000	0.700000	0.600000	0.000003
0.900000	0.700000	0.700000	0.000002
0.900000	0.700000	0.800000	0.000002
0.900000	0.700000	0.900000	0.000002
0.900000	0.700000	1.000000	0.000002
0.900000	0.800000	0.000000	0.000006
0.900000	0.800000	0.100000	0.000006
0.900000	0.800000	0.200000	0.000006
0.900000	0.800000	0.300000	0.000005
0.900000	0.800000	0.400000	0.000004
0.900000	0.800000	0.500000	0.000003
0.900000	0.800000	0.600000	0.000002
0.900000	0.800000	0.700000	0.000002
0.900000	0.800000	0.800000	0.000002
0.900000	0.800000	0.900000	0.000002
0.900000	0.800000	1.000000	0.000002
0.900000	0.900000	0.000000	0.000006
0.900000	0.900000	0.100000	0.000006
0.900000	0.900000	0.200000	0.000006
0.900000	0.900000	0.300000	0.000004
0.900000	0.900000	0.400000	0.000003
0.900000	0.900000	0.500000	0.000002
0.900000	0.900000	0.600000	0.000002
0.900000	0.900000	0.700000	0.000002
0.900000	0.900000	0.800000	0.000002
0.900000	0.900000	0.900000	0.000002
0.900000	0.900000	1.000000	0.000002
0.900000	1.000000	0.000000	0.000006
0.900000	1.000000	0.100000	0.000006
0.900000	1.000000	0.200000	0.000006
0.900000	1.000000	0.300000	0.000004
0.900000	1.000000	0.400000	0.000003
0.900000	1.000000	0.500000	0.000002
0.900000	1.000000	0.600000	0.000002
0.900000	1.000000	0.700000	0.000002
0.900000	1.000000	0.800000	0.000002
0.900000	1.000000	0.900000	0.000002
0.900000	1.000000	1.000000	0.000002
1.000000	0.000000	0.000000	0.000006
1.000000	0.000000	0.100000	0.000006
1.000000	0.000000	0.200000	0.000005
1.000000	0.000000	0.300000	0.000003
1.000000	0.000000	0.400000	0.000003
1.000000	0.000000	0.500000	0.000002
1.000000	0.000000	0.600000	0.000002
1.000000	0.000000	0.700000	0.000002
1.000000	0.000000	0.800000	0.000002
1.000000	0.000000	0.900000	0.000002
1.000000	0.000000	1.000000	0.000002
1.000000	0.100000	0.000000	0.000006
1.000000	0.100000	0.100000	0.000006
1.000000	0.100000	0.200000	0.000005
1.000000	0.100000	0.300000	0.000003
1.000000	0.100000	0.400000	0.000003
1.000000	0.100000	0.500000	0.000002
1.000000	0.100000	0.600000	0.000002
1.000000	0.100000	0.700000	0.000002
1.000000	0.100000	0.800000	0.000002
1.000000	0.100000	0.900000	0.000002
1.000000	0.100000	1.000000	0.000002
1.000000	0.200000	0.000000	0.000006
1.000000	0.200000	0.100000	0.000006
1.000000	0.200000	0.200000	0.000006
1.000000	0.200000	0.300000	0.000005
1.000000	0.200000	0.400000	0.000004
1.000000	0.200000	0.500000	0.000003
1.000000	0.200000	0.600000	0.000003
1.000000	0.200000	0.700000	0.000002
1.000000	0.200000	0.800000	0.000002
1.000000	0.200000	0.900000	0.000002
1.000000	0.200000	1.000000	0.000002
1.000000	0.300000	0.000000	0.000005
1.000000	0.300000	0.100000	0.000005
1.000000	0.300000	0.200000	0.000006
1.000000	0.300000	0.300000	0.000006
1.000000	0.300000	0.400000	0.000005
1.000000	0.300000	0.500000	0.000004
1.000000	0.300000	0.600000	0.000003
1.000000	0.300000	0.700000	0.000002
1.000000	0.300000	0.800000	0.000002
1.000000	0.300000	0.900000	0.000002
1.000000	0.300000	1.000000	0.000002
1.000000	0.400000	0.000000	0.000005
1.000000	0.400000	0.100000	0.000005
1.000000	0.400000	0.200000	0.000006
1.000000	0.400000	0.300000	0.000006
1.000000	0.400000	0.400000	0.000005
1.000000	0.400000	0.500000	0.000005
1.000000	0.400000	0.600000	0.000003
1.000000	0.400000	0.700000	0.000002
1.000000	0.400000	0.800000	0.000002
1.000000	0.400000	0.900000	0.000002
1.000000	0.400000	1.000000	0.000002
1.000000	0.500000	0.000000	0.000005
1.000000	0.500000	0.100000	0.000005
1.000000	0.500000	0.200000	0.000006
1.000000	0.500000	0.300000	0.000006
1.000000	0.500000	0.400000	0.000006
1.000000	0.500000	0.500000	0.000005
1.000000	0.500000	0.600000	0.000003
1.000000	0.500000	0.700000	0.000002
1.000000	0.500000	0.800000	0.000002
1.000000	0.500000	0.900000	0.000002
1.000000	0.500000	1.000000	0.000002
1.000000	0.600000	0.000000	0.000005
1.000000	0.600000	0.100000	0.000005
1.000000	0.600000	0.200000	0.000006
1.000000	0.600000	0.300000	0.000006
1.000000	0.600000	0.400000	0.000005
1.000000	0.600000	0.500000	0.000005
1.000000	0.600000	0.600000	0.000003
1.000000	0.600000	0.700000	0.000002
1.000000	0.600000	0.800000	0.000002
1.000000	0.600000	0.900000	0.000002
1.000000	0.600000	1.000000	0.000002
1.000000	0.700000	0.000000	0.000006
1.000000	0.700000	0.100000	0.000006
1.000000	0.700000	0.200000	0.000006
1.000000	0.700000	0.300000	0.000006
1.000000	0.700000	0.400000	0.000005
1.000000	0.700000	0.500000	0.000003
1.000000	0.700000	0.600000	0.000003
1.000000	0.700000	0.700000	0.000002
1.000000	0.700000	0.800000	0.000002
1.000000	0.700000	0.900000	0.000002
1.000000	0.700000	1.000000	0.000002
1.000000	0.800000	0.000000	0.000006
1.000000	0.800000	0.100000	0.000006
1.000000	0.800000	0.200000	0.000006
1.000000	0.800000	0.300000	0.000005
1.000000	0.800000	0.400000	0.000004
1.000000	0.800000	0.500000	0.000003
1.000000	0.800000	0.600000	0.000002
1.000000	0.800000	0.700000	0.000002
1.000000	0.800000	0.800000	0.000002
1.000000	0.800000	0.900000	0.000002
1.000000	0.800000	1.000000	0.000002
1.000000	0.900000	0.000000	0.000006
1.000000	0.900000	0.100000	0.000006
1.000000	0.900000	0.200000	0.000006
1.000000	0.900000	0.300000	0.000004
1.000000	0.900000	0.400000	0.000003
1.000000	0.900000	0.500000	0.000002
1.000000	0.900000	0.600000	0.000002
1.000000	0.900000	0.700000	0.000002
1.000000	0.900000	0.800000	0.000002
1.000000	0.900000	0.900000	0.000002
1.000000	0.900000	1.000000	0.000002
1.000000	1.000000	0.000000	0.000006
1.000000	1.000000	0.100000	0.000006
1.000000	1.000000	0.200000	0.000006
1.000000	1.000000	0.300000	0.000004
1.000000	1.000000	0.400000	0.000003
1.000000	1.000000	0.500000	0.000002
1.000000	1.000000	0.600000	0.000002
1.000000	1.000000	0.700000	0.000002
1.000000	1.000000	0.800000	0.000002
1.000000	1.000000	0.900000	0.000002
1.000000	1.000000	1.000000	0.000002
