1	0.000004
2	0.000003
3	0.000003
4	0.000003
5	0.000003
6	0.000003
7	0.000003
8	0.000003
9	0.000004
10	0.000004
11	0.000003
12	0.000003
13	0.000003
14	0.000003
15	0.000003
16	0.000003
17	0.000003
18	0.000003
19	0.000004
20	0.000004
21	0.000003
22	0.000003
23	0.000003
24	0.000003
25	0.000003
26	0.000003
27	0.000003
28	0.000003
29	0.000003
30	0.000003
31	0.000003
32	0.000003
33	0.000003
34	0.000003
35	0.000003
36	0.000003
37	0.000003
38	0.000003
39	0.000003
40	0.000003
41	0.000003
42	0.000003
43	0.000003
44	0.000003
45	0.000003
46	0.000003
47	0.000003
48	0.000003
49	0.000003
50	0.000003
51	0.000003
52	0.000003
53	0.000003
54	0.000003
55	0.000003
56	0.000003
57	0.000003
58	0.000003
59	0.000003
60	0.000003
61	0.000003
62	0.000003
63	0.000003
64	0.000003
65	0.000003
66	0.000003
67	0.000003
68	0.000003
69	0.000003
70	0.000003
71	0.000003
72	0.000003
73	0.000003
74	0.000003
75	0.000003
76	0.000003
77	0.000003
78	0.000003
79	0.000003
80	0.000004
81	0.000004
82	0.000004
83	0.000003
84	0.000003
85	0.000003
86	0.000003
87	0.000003
88	0.000003
89	0.000004
90	0.000004
91	0.000004
92	0.000004
93	0.000003
94	0.000003
95	0.000003
96	0.000003
97	0.000003
98	0.000004
99	0.000004
100	0.000004
101	0.000003
102	0.000003
103	0.000003
104	0.000003
105	0.000003
106	0.000003
107	0.000003
108	0.000004
109	0.000004
110	0.000003
111	0.000003
112	0.000003
113	0.000003
114	0.000003
115	0.000003
116	0.000003
117	0.000003
118	0.000004
119	0.000004
120	0.000004
121	0.000003
122	0.000003
123	0.000003
124	0.000003
125	0.000003
126	0.000003
127	0.000003
128	0.000003
129	0.000004
130	0.000004
131	0.000003
132	0.000003
133	0.000003
134	0.000003
135	0.000003
136	0.000003
137	0.000003
138	0.000003
139	0.000003
140	0.000003
141	0.000003
142	0.000003
143	0.000003
144	0.000003
145	0.000003
146	0.000003
147	0.000003
148	0.000003
149	0.000003
150	0.000003
151	0.000003
152	0.000003
153	0.000003
154	0.000003
155	0.000003
156	0.000003
157	0.000003
158	0.000003
159	0.000003
160	0.000003
161	0.000003
162	0.000003
163	0.000003
164	0.000003
165	0.000003
166	0.000003
167	0.000003
168	0.000003
169	0.000004
170	0.000004
171	0.000004
172	0.000004
173	0.000003
174	0.000003
175	0.000003
176	0.000003
177	0.000003
178	0.000003
179	0.000004
180	0.000004
181	0.000004
182	0.000004
183	0.000004
184	0.000003
185	0.000003
186	0.000003
187	0.000004
188	0.000004
189	0.000004
190	0.000004
191	0.000003
192	0.000004
193	0.000004
194	0.000003
195	0.000003
196	0.000003
197	0.000004
198	0.000004
199	0.000004
200	0.000004
201	0.000003
202	0.000003
203	0.000004
204	0.000004
205	0.000004
206	0.000004
207	0.000004
208	0.000004
209	0.000003
210	0.000003
211	0.000003
212	0.000003
213	0.000004
214	0.000004
215	0.000004
216	0.000004
217	0.000004
218	0.000004
219	0.000003
220	0.000003
221	0.000004
222	0.000004
223	0.000004
224	0.000004
225	0.000004
226	0.000004
227	0.000004
228	0.000004
229	0.000004
230	0.000004
231	0.000004
232	0.000004
233	0.000004
234	0.000004
235	0.000004
236	0.000004
237	0.000004
238	0.000004
239	0.000004
240	0.000004
241	0.000004
242	0.000004
243	0.000004
244	0.000004
245	0.000004
246	0.000004
247	0.000004
248	0.000004
249	0.000004
250	0.000004
251	0.000004
252	0.000004
253	0.000004
254	0.000004
255	0.000004
256	0.000004
257	0.000004
258	0.000004
259	0.000004
260	0.000004
261	0.000004
262	0.000004
263	0.000004
264	0.000004
265	0.000004
266	0.000004
267	0.000004
268	0.000004
269	0.000004
270	0.000004
271	0.000004
272	0.000004
273	0.000004
274	0.000004
275	0.000004
276	0.000004
277	0.000004
278	0.000004
279	0.000004
280	0.000004
281	0.000003
282	0.000003
283	0.000004
284	0.000004
285	0.000004
286	0.000004
287	0.000004
288	0.000004
289	0.000004
290	0.000003
291	0.000003
292	0.000003
293	0.000004
294	0.000004
295	0.000004
296	0.000004
297	0.000004
298	0.000004
299	0.000003
300	0.000003
301	0.000003
302	0.000003
303	0.000003
304	0.000004
305	0.000004
306	0.000004
307	0.000004
308	0.000003
309	0.000003
310	0.000003
311	0.000003
312	0.000003
313	0.000004
314	0.000004
315	0.000004
316	0.000004
317	0.000004
318	0.000004
319	0.000003
320	0.000003
321	0.000003
322	0.000004
323	0.000004
324	0.000004
325	0.000004
326	0.000004
327	0.000004
328	0.000004
329	0.000004
330	0.000003
331	0.000004
332	0.000004
333	0.000004
334	0.000004
335	0.000004
336	0.000004
337	0.000004
338	0.000004
339	0.000004
340	0.000003
341	0.000004
342	0.000004
343	0.000004
344	0.000004
345	0.000004
346	0.000004
347	0.000004
348	0.000004
349	0.000004
350	0.000004
351	0.000004
352	0.000004
353	0.000004
354	0.000004
355	0.000004
356	0.000004
357	0.000004
358	0.000004
359	0.000004
360	0.000004
361	0.000004
362	0.000004
363	0.000004
364	0.000004
365	0.000004
366	0.000004
367	0.000004
368	0.000004
369	0.000004
370	0.000003
371	0.000003
372	0.000004
373	0.000004
374	0.000004
375	0.000004
376	0.000004
377	0.000004
378	0.000004
379	0.000004
380	0.000003
381	0.000003
382	0.000003
383	0.000004
384	0.000004
385	0.000004
386	0.000004
387	0.000004
388	0.000004
389	0.000003
390	0.000003
391	0.000003
392	0.000003
393	0.000003
394	0.000003
395	0.000004
396	0.000004
397	0.000003
398	0.000003
399	0.000003
400	0.000003
401	0.000003
402	0.000003
403	0.000003
404	0.000003
405	0.000003
406	0.000003
407	0.000003
408	0.000003
409	0.000003
410	0.000003
411	0.000003
412	0.000003
413	0.000003
414	0.000004
415	0.000004
416	0.000004
417	0.000004
418	0.000003
419	0.000003
420	0.000003
421	0.000003
422	0.000003
423	0.000004
424	0.000004
425	0.000004
426	0.000004
427	0.000004
428	0.000004
429	0.000003
430	0.000003
431	0.000003
432	0.000004
433	0.000004
434	0.000004
435	0.000004
436	0.000004
437	0.000004
438	0.000004
439	0.000003
440	0.000003
441	0.000003
442	0.000004
443	0.000004
444	0.000004
445	0.000004
446	0.000004
447	0.000004
448	0.000004
449	0.000004
450	0.000003
451	0.000003
452	0.000004
453	0.000004
454	0.000004
455	0.000004
456	0.000004
457	0.000004
458	0.000004
459	0.000004
460	0.000003
461	0.000003
462	0.000004
463	0.000004
464	0.000004
465	0.000004
466	0.000004
467	0.000004
468	0.000004
469	0.000003
470	0.000003
471	0.000003
472	0.000003
473	0.000004
474	0.000004
475	0.000004
476	0.000004
477	0.000004
478	0.000004
479	0.000003
480	0.000003
481	0.000003
482	0.000003
483	0.000003
484	0.000003
485	0.000004
486	0.000004
487	0.000003
488	0.000003
489	0.000003
490	0.000003
491	0.000003
492	0.000003
493	0.000003
494	0.000003
495	0.000003
496	0.000003
497	0.000003
498	0.000003
499	0.000003
500	0.000003
501	0.000002
502	0.000002
503	0.000003
504	0.000003
505	0.000003
506	0.000003
507	0.000003
508	0.000003
509	0.000002
510	0.000002
511	0.000002
512	0.000003
513	0.000003
514	0.000003
515	0.000003
516	0.000003
517	0.000003
518	0.000003
519	0.000003
520	0.000002
521	0.000003
522	0.000003
523	0.000004
524	0.000004
525	0.000004
526	0.000004
527	0.000004
528	0.000004
529	0.000003
530	0.000003
531	0.000003
532	0.000003
533	0.000004
534	0.000004
535	0.000005
536	0.000005
537	0.000004
538	0.000004
539	0.000003
540	0.000003
541	0.000003
542	0.000003
543	0.000004
544	0.000005
545	0.000005
546	0.000005
547	0.000005
548	0.000004
549	0.000003
550	0.000003
551	0.000003
552	0.000003
553	0.000004
554	0.000005
555	0.000005
556	0.000005
557	0.000005
558	0.000004
559	0.000003
560	0.000003
561	0.000003
562	0.000003
563	0.000004
564	0.000004
565	0.000005
566	0.000005
567	0.000004
568	0.000004
569	0.000003
570	0.000003
571	0.000003
572	0.000003
573	0.000004
574	0.000004
575	0.000004
576	0.000004
577	0.000004
578	0.000004
579	0.000003
580	0.000003
581	0.000003
582	0.000003
583	0.000003
584	0.000003
585	0.000003
586	0.000003
587	0.000003
588	0.000003
589	0.000003
590	0.000002
591	0.000002
592	0.000002
593	0.000003
594	0.000003
595	0.000003
596	0.000003
597	0.000003
598	0.000003
599	0.000002
600	0.000002
601	0.000002
602	0.000002
603	0.000003
604	0.000003
605	0.000003
606	0.000003
607	0.000003
608	0.000003
609	0.000002
610	0.000002
611	0.000002
612	0.000003
613	0.000003
614	0.000003
615	0.000003
616	0.000003
617	0.000003
618	0.000003
619	0.000002
620	0.000002
621	0.000003
622	0.000003
623	0.000004
624	0.000004
625	0.000005
626	0.000005
627	0.000004
628	0.000004
629	0.000003
630	0.000003
631	0.000003
632	0.000003
633	0.000005
634	0.000005
635	0.000006
636	0.000006
637	0.000005
638	0.000004
639	0.000003
640	0.000003
641	0.000003
642	0.000003
643	0.000005
644	0.000006
645	0.000006
646	0.000006
647	0.000006
648	0.000005
649	0.000003
650	0.000003
651	0.000003
652	0.000003
653	0.000005
654	0.000006
655	0.000006
656	0.000006
657	0.000006
658	0.000005
659	0.000003
660	0.000003
661	0.000003
662	0.000003
663	0.000005
664	0.000005
665	0.000006
666	0.000006
667	0.000005
668	0.000005
669	0.000003
670	0.000003
671	0.000003
672	0.000003
673	0.000004
674	0.000005
675	0.000005
676	0.000005
677	0.000005
678	0.000004
679	0.000003
680	0.000002
681	0.000002
682	0.000002
683	0.000003
684	0.000003
685	0.000003
686	0.000003
687	0.000003
688	0.000003
689	0.000002
690	0.000002
691	0.000002
692	0.000002
693	0.000002
694	0.000003
695	0.000003
696	0.000003
697	0.000003
698	0.000002
699	0.000002
700	0.000002
701	0.000002
702	0.000002
703	0.000003
704	0.000003
705	0.000003
706	0.000003
707	0.000003
708	0.000002
709	0.000002
710	0.000002
711	0.000002
712	0.000003
713	0.000003
714	0.000003
715	0.000003
716	0.000003
717	0.000003
718	0.000003
719	0.000002
720	0.000002
721	0.000003
722	0.000003
723	0.000005
724	0.000005
725	0.000005
726	0.000005
727	0.000005
728	0.000004
729	0.000003
730	0.000002
731	0.000003
732	0.000003
733	0.000005
734	0.000007
735	0.000007
736	0.000007
737	0.000007
738	0.000005
739	0.000003
740	0.000002
741	0.000003
742	0.000003
743	0.000005
744	0.000007
745	0.000007
746	0.000007
747	0.000007
748	0.000005
749	0.000003
750	0.000002
751	0.000003
752	0.000003
753	0.000005
754	0.000007
755	0.000007
756	0.000007
757	0.000007
758	0.000005
759	0.000003
760	0.000002
761	0.000003
762	0.000003
763	0.000005
764	0.000007
765	0.000007
766	0.000007
767	0.000008
768	0.000006
769	0.000003
770	0.000002
771	0.000002
772	0.000003
773	0.000004
774	0.000005
775	0.000005
776	0.000005
777	0.000006
778	0.000005
779	0.000003
780	0.000002
781	0.000002
782	0.000002
783	0.000003
784	0.000003
785	0.000003
786	0.000003
787	0.000003
788	0.000003
789	0.000002
790	0.000002
791	0.000002
792	0.000002
793	0.000002
794	0.000003
795	0.000003
796	0.000003
797	0.000003
798	0.000002
799	0.000002
800	0.000002
801	0.000002
802	0.000002
803	0.000002
804	0.000002
805	0.000002
806	0.000002
807	0.000002
808	0.000002
809	0.000002
810	0.000002
811	0.000002
812	0.000002
813	0.000003
814	0.000003
815	0.000003
816	0.000003
817	0.000003
818	0.000003
819	0.000002
820	0.000002
821	0.000002
822	0.000003
823	0.000007
824	0.000008
825	0.000006
826	0.000006
827	0.000009
828	0.000007
829	0.000002
830	0.000002
831	0.000002
832	0.000003
833	0.000008
834	0.000010
835	0.000007
836	0.000007
837	0.000011
838	0.000008
839	0.000002
840	0.000002
841	0.000002
842	0.000003
843	0.000006
844	0.000007
845	0.000005
846	0.000005
847	0.000007
848	0.000005
849	0.000002
850	0.000002
851	0.000002
852	0.000003
853	0.000006
854	0.000007
855	0.000005
856	0.000005
857	0.000007
858	0.000005
859	0.000002
860	0.000002
861	0.000002
862	0.000003
863	0.000009
864	0.000010
865	0.000007
866	0.000007
867	0.000011
868	0.000009
869	0.000002
870	0.000002
871	0.000002
872	0.000003
873	0.000007
874	0.000008
875	0.000005
876	0.000005
877	0.000009
878	0.000007
879	0.000002
880	0.000002
881	0.000002
882	0.000002
883	0.000002
884	0.000002
885	0.000002
886	0.000002
887	0.000002
888	0.000002
889	0.000002
890	0.000002
891	0.000002
892	0.000002
893	0.000002
894	0.000002
895	0.000002
896	0.000002
897	0.000002
898	0.000002
899	0.000002
900	0.000002
901	0.000002
902	0.000002
903	0.000002
904	0.000002
905	0.000002
906	0.000002
907	0.000002
908	0.000002
909	0.000002
910	0.000002
911	0.000002
912	0.000002
913	0.000003
914	0.000003
915	0.000003
916	0.000003
917	0.000003
918	0.000003
919	0.000002
920	0.000002
921	0.000002
922	0.000003
923	0.000009
924	0.000010
925	0.000006
926	0.000006
927	0.000012
928	0.000009
929	0.000002
930	0.000002
931	0.000002
932	0.000003
933	0.000010
934	0.000011
935	0.000006
936	0.000006
937	0.000013
938	0.000010
939	0.000002
940	0.000002
941	0.000002
942	0.000003
943	0.000006
944	0.000006
945	0.000004
946	0.000004
947	0.000006
948	0.000005
949	0.000002
950	0.000002
951	0.000002
952	0.000003
953	0.000006
954	0.000006
955	0.000004
956	0.000004
957	0.000006
958	0.000005
959	0.000002
960	0.000002
961	0.000002
962	0.000003
963	0.000011
964	0.000012
965	0.000006
966	0.000006
967	0.000014
968	0.000011
969	0.000002
970	0.000002
971	0.000002
972	0.000003
973	0.000009
974	0.000010
975	0.000005
976	0.000005
977	0.000011
978	0.000009
979	0.000002
980	0.000002
981	0.000002
982	0.000002
983	0.000002
984	0.000002
985	0.000002
986	0.000002
987	0.000002
988	0.000002
989	0.000002
990	0.000002
991	0.000002
992	0.000002
993	0.000002
994	0.000002
995	0.000002
996	0.000002
997	0.000002
998	0.000002
999	0.000002
1000	0.000002
