x	y	z	valeur
0.000000	0.000000	0.000000	0.003740
0.000000	0.000000	0.100000	0.003740
0.000000	0.000000	0.200000	0.003542
0.000000	0.000000	0.300000	0.003054
0.000000	0.000000	0.400000	0.002759
0.000000	0.000000	0.500000	0.002497
0.000000	0.000000	0.600000	0.002295
0.000000	0.000000	0.700000	0.002178
0.000000	0.000000	0.800000	0.002099
0.000000	0.000000	0.900000	0.001753
0.000000	0.000000	1.000000	0.001753
0.000000	0.100000	0.000000	0.003740
0.000000	0.100000	0.100000	0.003740
0.000000	0.100000	0.200000	0.003542
0.000000	0.100000	0.300000	0.003054
0.000000	0.100000	0.400000	0.002759
0.000000	0.100000	0.500000	0.002497
0.000000	0.100000	0.600000	0.002295
0.000000	0.100000	0.700000	0.002178
0.000000	0.100000	0.800000	0.002099
0.000000	0.100000	0.900000	0.001753
0.000000	0.100000	1.000000	0.001753
0.000000	0.200000	0.000000	0.003333
0.000000	0.200000	0.100000	0.003333
0.000000	0.200000	0.200000	0.003485
0.000000	0.200000	0.300000	0.003316
0.000000	0.200000	0.400000	0.003211
0.000000	0.200000	0.500000	0.002904
0.000000	0.200000	0.600000	0.002720
0.000000	0.200000	0.700000	0.002531
0.000000	0.200000	0.800000	0.002311
0.000000	0.200000	0.900000	0.001821
0.000000	0.200000	1.000000	0.001821
0.000000	0.300000	0.000000	0.003459
0.000000	0.300000	0.100000	0.003459
0.000000	0.300000	0.200000	0.003517
0.000000	0.300000	0.300000	0.003471
0.000000	0.300000	0.400000	0.003351
0.000000	0.300000	0.500000	0.003294
0.000000	0.300000	0.600000	0.003021
0.000000	0.300000	0.700000	0.002693
0.000000	0.300000	0.800000	0.002073
0.000000	0.300000	0.900000	0.002028
0.000000	0.300000	1.000000	0.002028
0.000000	0.400000	0.000000	0.003433
0.000000	0.400000	0.100000	0.003433
0.000000	0.400000	0.200000	0.003541
0.000000	0.400000	0.300000	0.003550
0.000000	0.400000	0.400000	0.003483
0.000000	0.400000	0.500000	0.003423
0.000000	0.400000	0.600000	0.003177
0.000000	0.400000	0.700000	0.002734
0.000000	0.400000	0.800000	0.001951
0.000000	0.400000	0.900000	0.001704
0.000000	0.400000	1.000000	0.001704
0.000000	0.500000	0.000000	0.003432
0.000000	0.500000	0.100000	0.003432
0.000000	0.500000	0.200000	0.003551
0.000000	0.500000	0.300000	0.003576
0.000000	0.500000	0.400000	0.003525
0.000000	0.500000	0.500000	0.003464
0.000000	0.500000	0.600000	0.003236
0.000000	0.500000	0.700000	0.002763
0.000000	0.500000	0.800000	0.001924
0.000000	0.500000	0.900000	0.001643
0.000000	0.500000	1.000000	0.001643
0.000000	0.600000	0.000000	0.003444
0.000000	0.600000	0.100000	0.003444
0.000000	0.600000	0.200000	0.003550
0.000000	0.600000	0.300000	0.003554
0.000000	0.600000	0.400000	0.003479
0.000000	0.600000	0.500000	0.003426
0.000000	0.600000	0.600000	0.003203
0.000000	0.600000	0.700000	0.002795
0.000000	0.600000	0.800000	0.002027
0.000000	0.600000	0.900000	0.001765
0.000000	0.600000	1.000000	0.001765
0.000000	0.700000	0.000000	0.003476
0.000000	0.700000	0.100000	0.003476
0.000000	0.700000	0.200000	0.003535
0.000000	0.700000	0.300000	0.003470
0.000000	0.700000	0.400000	0.003358
0.000000	0.700000	0.500000	0.003305
0.000000	0.700000	0.600000	0.003024
0.000000	0.700000	0.700000	0.002760
0.000000	0.700000	0.800000	0.002202
0.000000	0.700000	0.900000	0.002151
0.000000	0.700000	1.000000	0.002151
0.000000	0.800000	0.000000	0.003559
0.000000	0.800000	0.100000	0.003559
0.000000	0.800000	0.200000	0.003508
0.000000	0.800000	0.300000	0.003327
0.000000	0.800000	0.400000	0.003212
0.000000	0.800000	0.500000	0.002829
0.000000	0.800000	0.600000	0.002622
0.000000	0.800000	0.700000	0.002406
0.000000	0.800000	0.800000	0.002162
0.000000	0.800000	0.900000	0.001757
0.000000	0.800000	1.000000	0.001757
0.000000	0.900000	0.000000	0.003777
0.000000	0.900000	0.100000	0.003777
0.000000	0.900000	0.200000	0.003410
0.000000	0.900000	0.300000	0.003225
0.000000	0.900000	0.400000	0.002724
0.000000	0.900000	0.500000	0.002426
0.000000	0.900000	0.600000	0.002162
0.000000	0.900000	0.700000	0.001960
0.000000	0.900000	0.800000	0.001851
0.000000	0.900000	0.900000	0.001692
0.000000	0.900000	1.000000	0.001692
0.000000	1.000000	0.000000	0.003777
0.000000	1.000000	0.100000	0.003777
0.000000	1.000000	0.200000	0.003410
0.000000	1.000000	0.300000	0.003225
0.000000	1.000000	0.400000	0.002724
0.000000	1.000000	0.500000	0.002426
0.000000	1.000000	0.600000	0.002162
0.000000	1.000000	0.700000	0.001960
0.000000	1.000000	0.800000	0.001851
0.000000	1.000000	0.900000	0.001692
0.000000	1.000000	1.000000	0.001692
0.100000	0.000000	0.000000	0.003740
0.100000	0.000000	0.100000	0.003740
0.100000	0.000000	0.200000	0.003542
0.100000	0.000000	0.300000	0.003054
0.100000	0.000000	0.400000	0.002759
0.100000	0.000000	0.500000	0.002497
0.100000	0.000000	0.600000	0.002295
0.100000	0.000000	0.700000	0.002178
0.100000	0.000000	0.800000	0.002099
0.100000	0.000000	0.900000	0.001753
0.100000	0.000000	1.000000	0.001753
0.100000	0.100000	0.000000	0.003740
0.100000	0.100000	0.100000	0.003740
0.100000	0.100000	0.200000	0.003542
0.100000	0.100000	0.300000	0.003054
0.100000	0.100000	0.400000	0.002759
0.100000	0.100000	0.500000	0.002497
0.100000	0.100000	0.600000	0.002295
0.100000	0.100000	0.700000	0.002178
0.100000	0.100000	0.800000	0.002099
0.100000	0.100000	0.900000	0.001753
0.100000	0.100000	1.000000	0.001753
0.100000	0.200000	0.000000	0.003333
0.100000	0.200000	0.100000	0.003333
0.100000	0.200000	0.200000	0.003485
0.100000	0.200000	0.300000	0.003316
0.100000	0.200000	0.400000	0.003211
0.100000	0.200000	0.500000	0.002904
0.100000	0.200000	0.600000	0.002720
0.100000	0.200000	0.700000	0.002531
0.100000	0.200000	0.800000	0.002311
0.100000	0.200000	0.900000	0.001821
0.100000	0.200000	1.000000	0.001821
0.100000	0.300000	0.000000	0.003459
0.100000	0.300000	0.100000	0.003459
0.100000	0.300000	0.200000	0.003517
0.100000	0.300000	0.300000	0.003471
0.100000	0.300000	0.400000	0.003351
0.100000	0.300000	0.500000	0.003294
0.100000	0.300000	0.600000	0.003021
0.100000	0.300000	0.700000	0.002693
0.100000	0.300000	0.800000	0.002073
0.100000	0.300000	0.900000	0.002028
0.100000	0.300000	1.000000	0.002028
0.100000	0.400000	0.000000	0.003433
0.100000	0.400000	0.100000	0.003433
0.100000	0.400000	0.200000	0.003541
0.100000	0.400000	0.300000	0.003550
0.100000	0.400000	0.400000	0.003483
0.100000	0.400000	0.500000	0.003423
0.100000	0.400000	0.600000	0.003177
0.100000	0.400000	0.700000	0.002734
0.100000	0.400000	0.800000	0.001951
0.100000	0.400000	0.900000	0.001704
0.100000	0.400000	1.000000	0.001704
0.100000	0.500000	0.000000	0.003432
0.100000	0.500000	0.100000	0.003432
0.100000	0.500000	0.200000	0.003551
0.100000	0.500000	0.300000	0.003576
0.100000	0.500000	0.400000	0.003525
0.100000	0.500000	0.500000	0.003464
0.100000	0.500000	0.600000	0.003236
0.100000	0.500000	0.700000	0.002763
0.100000	0.500000	0.800000	0.001924
0.100000	0.500000	0.900000	0.001643
0.100000	0.500000	1.000000	0.001643
0.100000	0.600000	0.000000	0.003444
0.100000	0.600000	0.100000	0.003444
0.100000	0.600000	0.200000	0.003550
0.100000	0.600000	0.300000	0.003554
0.100000	0.600000	0.400000	0.003479
0.100000	0.600000	0.500000	0.003426
0.100000	0.600000	0.600000	0.003203
0.100000	0.600000	0.700000	0.002795
0.100000	0.600000	0.800000	0.002027
0.100000	0.600000	0.900000	0.001765
0.100000	0.600000	1.000000	0.001765
0.100000	0.700000	0.000000	0.003476
0.100000	0.700000	0.100000	0.003476
0.100000	0.700000	0.200000	0.003535
0.100000	0.700000	0.300000	0.003470
0.100000	0.700000	0.400000	0.003358
0.100000	0.700000	0.500000	0.003305
0.100000	0.700000	0.600000	0.003024
0.100000	0.700000	0.700000	0.002760
0.100000	0.700000	0.800000	0.002202
0.100000	0.700000	0.900000	0.002151
0.100000	0.700000	1.000000	0.002151
0.100000	0.800000	0.000000	0.003559
0.100000	0.800000	0.100000	0.003559
0.100000	0.800000	0.200000	0.003508
0.100000	0.800000	0.300000	0.003327
0.100000	0.800000	0.400000	0.003212
0.100000	0.800000	0.500000	0.002829
0.100000	0.800000	0.600000	0.002622
0.100000	0.800000	0.700000	0.002406
0.100000	0.800000	0.800000	0.002162
0.100000	0.800000	0.900000	0.001757
0.100000	0.800000	1.000000	0.001757
0.100000	0.900000	0.000000	0.003777
0.100000	0.900000	0.100000	0.003777
0.100000	0.900000	0.200000	0.003410
0.100000	0.900000	0.300000	0.003225
0.100000	0.900000	0.400000	0.002724
0.100000	0.900000	0.500000	0.002426
0.100000	0.900000	0.600000	0.002162
0.100000	0.900000	0.700000	0.001960
0.100000	0.900000	0.800000	0.001851
0.100000	0.900000	0.900000	0.001692
0.100000	0.900000	1.000000	0.001692
0.100000	1.000000	0.000000	0.003777
0.100000	1.000000	0.100000	0.003777
0.100000	1.000000	0.200000	0.003410
0.100000	1.000000	0.300000	0.003225
0.100000	1.000000	0.400000	0.002724
0.100000	1.000000	0.500000	0.002426
0.100000	1.000000	0.600000	0.002162
0.100000	1.000000	0.700000	0.001960
0.100000	1.000000	0.800000	0.001851
0.100000	1.000000	0.900000	0.001692
0.100000	1.000000	1.000000	0.001692
0.200000	0.000000	0.000000	0.003512
0.200000	0.000000	0.100000	0.003512
0.200000	0.000000	0.200000	0.003481
0.200000	0.000000	0.300000	0.003313
0.200000	0.000000	0.400000	0.003209
0.200000	0.000000	0.500000	0.002903
0.200000	0.000000	0.600000	0.002719
0.200000	0.000000	0.700000	0.002531
0.200000	0.000000	0.800000	0.002311
0.200000	0.000000	0.900000	0.001822
0.200000	0.000000	1.000000	0.001822
0.200000	0.100000	0.000000	0.003512
0.200000	0.100000	0.100000	0.003512
0.200000	0.100000	0.200000	0.003481
0.200000	0.100000	0.300000	0.003313
0.200000	0.100000	0.400000	0.003209
0.200000	0.100000	0.500000	0.002903
0.200000	0.100000	0.600000	0.002719
0.200000	0.100000	0.700000	0.002531
0.200000	0.100000	0.800000	0.002311
0.200000	0.100000	0.900000	0.001822
0.200000	0.100000	1.000000	0.001822
0.200000	0.200000	0.000000	0.003276
0.200000	0.200000	0.100000	0.003276
0.200000	0.200000	0.200000	0.003592
0.200000	0.200000	0.300000	0.003614
0.200000	0.200000	0.400000	0.003555
0.200000	0.200000	0.500000	0.003514
0.200000	0.200000	0.600000	0.003491
0.200000	0.200000	0.700000	0.003380
0.200000	0.200000	0.800000	0.003151
0.200000	0.200000	0.900000	0.003593
0.200000	0.200000	1.000000	0.003593
0.200000	0.300000	0.000000	0.003202
0.200000	0.300000	0.100000	0.003202
0.200000	0.300000	0.200000	0.003628
0.200000	0.300000	0.300000	0.003817
0.200000	0.300000	0.400000	0.003917
0.200000	0.300000	0.500000	0.004048
0.200000	0.300000	0.600000	0.004226
0.200000	0.300000	0.700000	0.004351
0.200000	0.300000	0.800000	0.004216
0.200000	0.300000	0.900000	0.003102
0.200000	0.300000	1.000000	0.003102
0.200000	0.400000	0.000000	0.003169
0.200000	0.400000	0.100000	0.003169
0.200000	0.400000	0.200000	0.003660
0.200000	0.400000	0.300000	0.003930
0.200000	0.400000	0.400000	0.004134
0.200000	0.400000	0.500000	0.004392
0.200000	0.400000	0.600000	0.004721
0.200000	0.400000	0.700000	0.004938
0.200000	0.400000	0.800000	0.004309
0.200000	0.400000	0.900000	0.002911
0.200000	0.400000	1.000000	0.002911
0.200000	0.500000	0.000000	0.003163
0.200000	0.500000	0.100000	0.003163
0.200000	0.500000	0.200000	0.003675
0.200000	0.500000	0.300000	0.003971
0.200000	0.500000	0.400000	0.004211
0.200000	0.500000	0.500000	0.004521
0.200000	0.500000	0.600000	0.004921
0.200000	0.500000	0.700000	0.005113
0.200000	0.500000	0.800000	0.004378
0.200000	0.500000	0.900000	0.002759
0.200000	0.500000	1.000000	0.002759
0.200000	0.600000	0.000000	0.003179
0.200000	0.600000	0.100000	0.003179
0.200000	0.600000	0.200000	0.003673
0.200000	0.600000	0.300000	0.003939
0.200000	0.600000	0.400000	0.004140
0.200000	0.600000	0.500000	0.004411
0.200000	0.600000	0.600000	0.004788
0.200000	0.600000	0.700000	0.005093
0.200000	0.600000	0.800000	0.004440
0.200000	0.600000	0.900000	0.003072
0.200000	0.600000	1.000000	0.003072
0.200000	0.700000	0.000000	0.003220
0.200000	0.700000	0.100000	0.003220
0.200000	0.700000	0.200000	0.003650
0.200000	0.700000	0.300000	0.003823
0.200000	0.700000	0.400000	0.003904
0.200000	0.700000	0.500000	0.004039
0.200000	0.700000	0.600000	0.004264
0.200000	0.700000	0.700000	0.004504
0.200000	0.700000	0.800000	0.004555
0.200000	0.700000	0.900000	0.003938
0.200000	0.700000	1.000000	0.003938
0.200000	0.800000	0.000000	0.003315
0.200000	0.800000	0.100000	0.003315
0.200000	0.800000	0.200000	0.003618
0.200000	0.800000	0.300000	0.003600
0.200000	0.800000	0.400000	0.003508
0.200000	0.800000	0.500000	0.003508
0.200000	0.800000	0.600000	0.003466
0.200000	0.800000	0.700000	0.003304
0.200000	0.800000	0.800000	0.002949
0.200000	0.800000	0.900000	0.002928
0.200000	0.800000	1.000000	0.002928
0.200000	0.900000	0.000000	0.003567
0.200000	0.900000	0.100000	0.003567
0.200000	0.900000	0.200000	0.003481
0.200000	0.900000	0.300000	0.003330
0.200000	0.900000	0.400000	0.003115
0.200000	0.900000	0.500000	0.003028
0.200000	0.900000	0.600000	0.002534
0.200000	0.900000	0.700000	0.002233
0.200000	0.900000	0.800000	0.001975
0.200000	0.900000	0.900000	0.001869
0.200000	0.900000	1.000000	0.001869
0.200000	1.000000	0.000000	0.003567
0.200000	1.000000	0.100000	0.003567
0.200000	1.000000	0.200000	0.003481
0.200000	1.000000	0.300000	0.003330
0.200000	1.000000	0.400000	0.003115
0.200000	1.000000	0.500000	0.003028
0.200000	1.000000	0.600000	0.002534
0.200000	1.000000	0.700000	0.002233
0.200000	1.000000	0.800000	0.001975
0.200000	1.000000	0.900000	0.001869
0.200000	1.000000	1.000000	0.001869
0.300000	0.000000	0.000000	0.003453
0.300000	0.000000	0.100000	0.003453
0.300000	0.000000	0.200000	0.003513
0.300000	0.000000	0.300000	0.003468
0.300000	0.000000	0.400000	0.003348
0.300000	0.000000	0.500000	0.003292
0.300000	0.000000	0.600000	0.003020
0.300000	0.000000	0.700000	0.002692
0.300000	0.000000	0.800000	0.002073
0.300000	0.000000	0.900000	0.002029
0.300000	0.000000	1.000000	0.002029
0.300000	0.100000	0.000000	0.003453
0.300000	0.100000	0.100000	0.003453
0.300000	0.100000	0.200000	0.003513
0.300000	0.100000	0.300000	0.003468
0.300000	0.100000	0.400000	0.003348
0.300000	0.100000	0.500000	0.003292
0.300000	0.100000	0.600000	0.003020
0.300000	0.100000	0.700000	0.002692
0.300000	0.100000	0.800000	0.002073
0.300000	0.100000	0.900000	0.002029
0.300000	0.100000	1.000000	0.002029
0.300000	0.200000	0.000000	0.003201
0.300000	0.200000	0.100000	0.003201
0.300000	0.200000	0.200000	0.003627
0.300000	0.200000	0.300000	0.003815
0.300000	0.200000	0.400000	0.003915
0.300000	0.200000	0.500000	0.004047
0.300000	0.200000	0.600000	0.004225
0.300000	0.200000	0.700000	0.004351
0.300000	0.200000	0.800000	0.004217
0.300000	0.200000	0.900000	0.003104
0.300000	0.200000	1.000000	0.003104
0.300000	0.300000	0.000000	0.003122
0.300000	0.300000	0.100000	0.003122
0.300000	0.300000	0.200000	0.003672
0.300000	0.300000	0.300000	0.004071
0.300000	0.300000	0.400000	0.004411
0.300000	0.300000	0.500000	0.004882
0.300000	0.300000	0.600000	0.005679
0.300000	0.300000	0.700000	0.007149
0.300000	0.300000	0.800000	0.014126
0.300000	0.300000	0.900000	0.090595
0.300000	0.300000	1.000000	0.090595
0.300000	0.400000	0.000000	0.003084
0.300000	0.400000	0.100000	0.003084
0.300000	0.400000	0.200000	0.003711
0.300000	0.400000	0.300000	0.004222
0.300000	0.400000	0.400000	0.004728
0.300000	0.400000	0.500000	0.005461
0.300000	0.400000	0.600000	0.006745
0.300000	0.400000	0.700000	0.009149
0.300000	0.400000	0.800000	0.015835
0.300000	0.400000	0.900000	0.023932
0.300000	0.400000	1.000000	0.023932
0.300000	0.500000	0.000000	0.003078
0.300000	0.500000	0.100000	0.003078
0.300000	0.500000	0.200000	0.003729
0.300000	0.500000	0.300000	0.004277
0.300000	0.500000	0.400000	0.004842
0.300000	0.500000	0.500000	0.005686
0.300000	0.500000	0.600000	0.007193
0.300000	0.500000	0.700000	0.009957
0.300000	0.500000	0.800000	0.013754
0.300000	0.500000	0.900000	0.012948
0.300000	0.500000	1.000000	0.012948
0.300000	0.600000	0.000000	0.003094
0.300000	0.600000	0.100000	0.003094
0.300000	0.600000	0.200000	0.003725
0.300000	0.600000	0.300000	0.004232
0.300000	0.600000	0.400000	0.004736
0.300000	0.600000	0.500000	0.005487
0.300000	0.600000	0.600000	0.006847
0.300000	0.600000	0.700000	0.009552
0.300000	0.600000	0.800000	0.017079
0.300000	0.600000	0.900000	0.024556
0.300000	0.600000	1.000000	0.024556
0.300000	0.700000	0.000000	0.003141
0.300000	0.700000	0.100000	0.003141
0.300000	0.700000	0.200000	0.003695
0.300000	0.700000	0.300000	0.004077
0.300000	0.700000	0.400000	0.004397
0.300000	0.700000	0.500000	0.004872
0.300000	0.700000	0.600000	0.005769
0.300000	0.700000	0.700000	0.007476
0.300000	0.700000	0.800000	0.016217
0.300000	0.700000	0.900000	0.096231
0.300000	0.700000	1.000000	0.096231
0.300000	0.800000	0.000000	0.003242
0.300000	0.800000	0.100000	0.003242
0.300000	0.800000	0.200000	0.003653
0.300000	0.800000	0.300000	0.003797
0.300000	0.800000	0.400000	0.003857
0.300000	0.800000	0.500000	0.003942
0.300000	0.800000	0.600000	0.004047
0.300000	0.800000	0.700000	0.004145
0.300000	0.800000	0.800000	0.003419
0.300000	0.800000	0.900000	0.001945
0.300000	0.800000	1.000000	0.001945
0.300000	0.900000	0.000000	0.003502
0.300000	0.900000	0.100000	0.003502
0.300000	0.900000	0.200000	0.003509
0.300000	0.900000	0.300000	0.003449
0.300000	0.900000	0.400000	0.003354
0.300000	0.900000	0.500000	0.003180
0.300000	0.900000	0.600000	0.002947
0.300000	0.900000	0.700000	0.002917
0.300000	0.900000	0.800000	0.001809
0.300000	0.900000	0.900000	0.001931
0.300000	0.900000	1.000000	0.001931
0.300000	1.000000	0.000000	0.003502
0.300000	1.000000	0.100000	0.003502
0.300000	1.000000	0.200000	0.003509
0.300000	1.000000	0.300000	0.003449
0.300000	1.000000	0.400000	0.003354
0.300000	1.000000	0.500000	0.003180
0.300000	1.000000	0.600000	0.002947
0.300000	1.000000	0.700000	0.002917
0.300000	1.000000	0.800000	0.001809
0.300000	1.000000	0.900000	0.001931
0.300000	1.000000	1.000000	0.001931
0.400000	0.000000	0.000000	0.003429
0.400000	0.000000	0.100000	0.003429
0.400000	0.000000	0.200000	0.003536
0.400000	0.000000	0.300000	0.003547
0.400000	0.000000	0.400000	0.003480
0.400000	0.000000	0.500000	0.003421
0.400000	0.000000	0.600000	0.003176
0.400000	0.000000	0.700000	0.002732
0.400000	0.000000	0.800000	0.001951
0.400000	0.000000	0.900000	0.001707
0.400000	0.000000	1.000000	0.001707
0.400000	0.100000	0.000000	0.003429
0.400000	0.100000	0.100000	0.003429
0.400000	0.100000	0.200000	0.003536
0.400000	0.100000	0.300000	0.003547
0.400000	0.100000	0.400000	0.003480
0.400000	0.100000	0.500000	0.003421
0.400000	0.100000	0.600000	0.003176
0.400000	0.100000	0.700000	0.002732
0.400000	0.100000	0.800000	0.001951
0.400000	0.100000	0.900000	0.001707
0.400000	0.100000	1.000000	0.001707
0.400000	0.200000	0.000000	0.003167
0.400000	0.200000	0.100000	0.003167
0.400000	0.200000	0.200000	0.003657
0.400000	0.200000	0.300000	0.003928
0.400000	0.200000	0.400000	0.004132
0.400000	0.200000	0.500000	0.004390
0.400000	0.200000	0.600000	0.004718
0.400000	0.200000	0.700000	0.004936
0.400000	0.200000	0.800000	0.004313
0.400000	0.200000	0.900000	0.002915
0.400000	0.200000	1.000000	0.002915
0.400000	0.300000	0.000000	0.003083
0.400000	0.300000	0.100000	0.003083
0.400000	0.300000	0.200000	0.003710
0.400000	0.300000	0.300000	0.004221
0.400000	0.300000	0.400000	0.004726
0.400000	0.300000	0.500000	0.005459
0.400000	0.300000	0.600000	0.006741
0.400000	0.300000	0.700000	0.009153
0.400000	0.300000	0.800000	0.015870
0.400000	0.300000	0.900000	0.024057
0.400000	0.300000	1.000000	0.024057
0.400000	0.400000	0.000000	0.003044
0.400000	0.400000	0.100000	0.003044
0.400000	0.400000	0.200000	0.003755
0.400000	0.400000	0.300000	0.004397
0.400000	0.400000	0.400000	0.005118
0.400000	0.400000	0.500000	0.006228
0.400000	0.400000	0.600000	0.008300
0.400000	0.400000	0.700000	0.012175
0.400000	0.400000	0.800000	0.016931
0.400000	0.400000	0.900000	0.005977
0.400000	0.400000	1.000000	0.005977
0.400000	0.500000	0.000000	0.003037
0.400000	0.500000	0.100000	0.003037
0.400000	0.500000	0.200000	0.003776
0.400000	0.500000	0.300000	0.004463
0.400000	0.500000	0.400000	0.005261
0.400000	0.500000	0.500000	0.006528
0.400000	0.500000	0.600000	0.008938
0.400000	0.500000	0.700000	0.013149
0.400000	0.500000	0.800000	0.013744
0.400000	0.500000	0.900000	0.007548
0.400000	0.500000	1.000000	0.007548
0.400000	0.600000	0.000000	0.003054
0.400000	0.600000	0.100000	0.003054
0.400000	0.600000	0.200000	0.003769
0.400000	0.600000	0.300000	0.004407
0.400000	0.600000	0.400000	0.005127
0.400000	0.600000	0.500000	0.006263
0.400000	0.600000	0.600000	0.008397
0.400000	0.600000	0.700000	0.012702
0.400000	0.600000	0.800000	0.018156
0.400000	0.600000	0.900000	0.006136
0.400000	0.600000	1.000000	0.006136
0.400000	0.700000	0.000000	0.003103
0.400000	0.700000	0.100000	0.003103
0.400000	0.700000	0.200000	0.003732
0.400000	0.700000	0.300000	0.004225
0.400000	0.700000	0.400000	0.004709
0.400000	0.700000	0.500000	0.005446
0.400000	0.700000	0.600000	0.006833
0.400000	0.700000	0.700000	0.009553
0.400000	0.700000	0.800000	0.018133
0.400000	0.700000	0.900000	0.026107
0.400000	0.700000	1.000000	0.026107
0.400000	0.800000	0.000000	0.003210
0.400000	0.800000	0.100000	0.003210
0.400000	0.800000	0.200000	0.003682
0.400000	0.800000	0.300000	0.003904
0.400000	0.800000	0.400000	0.004062
0.400000	0.800000	0.500000	0.004260
0.400000	0.800000	0.600000	0.004483
0.400000	0.800000	0.700000	0.004641
0.400000	0.800000	0.800000	0.003542
0.400000	0.800000	0.900000	0.001851
0.400000	0.800000	1.000000	0.001851
0.400000	0.900000	0.000000	0.003475
0.400000	0.900000	0.100000	0.003475
0.400000	0.900000	0.200000	0.003526
0.400000	0.900000	0.300000	0.003521
0.400000	0.900000	0.400000	0.003482
0.400000	0.900000	0.500000	0.003334
0.400000	0.900000	0.600000	0.003082
0.400000	0.900000	0.700000	0.003021
0.400000	0.900000	0.800000	0.001760
0.400000	0.900000	0.900000	0.001893
0.400000	0.900000	1.000000	0.001893
0.400000	1.000000	0.000000	0.003475
0.400000	1.000000	0.100000	0.003475
0.400000	1.000000	0.200000	0.003526
0.400000	1.000000	0.300000	0.003521
0.400000	1.000000	0.400000	0.003482
0.400000	1.000000	0.500000	0.003334
0.400000	1.000000	0.600000	0.003082
0.400000	1.000000	0.700000	0.003021
0.400000	1.000000	0.800000	0.001760
0.400000	1.000000	0.900000	0.001893
0.400000	1.000000	1.000000	0.001893
0.500000	0.000000	0.000000	0.003428
0.500000	0.000000	0.100000	0.003428
0.500000	0.000000	0.200000	0.003547
0.500000	0.000000	0.300000	0.003573
0.500000	0.000000	0.400000	0.003522
0.500000	0.000000	0.500000	0.003463
0.500000	0.000000	0.600000	0.003235
0.500000	0.000000	0.700000	0.002762
0.500000	0.000000	0.800000	0.001924
0.500000	0.000000	0.900000	0.001647
0.500000	0.000000	1.000000	0.001647
0.500000	0.100000	0.000000	0.003428
0.500000	0.100000	0.100000	0.003428
0.500000	0.100000	0.200000	0.003547
0.500000	0.100000	0.300000	0.003573
0.500000	0.100000	0.400000	0.003522
0.500000	0.100000	0.500000	0.003463
0.500000	0.100000	0.600000	0.003235
0.500000	0.100000	0.700000	0.002762
0.500000	0.100000	0.800000	0.001924
0.500000	0.100000	0.900000	0.001647
0.500000	0.100000	1.000000	0.001647
0.500000	0.200000	0.000000	0.003162
0.500000	0.200000	0.100000	0.003162
0.500000	0.200000	0.200000	0.003672
0.500000	0.200000	0.300000	0.003969
0.500000	0.200000	0.400000	0.004208
0.500000	0.200000	0.500000	0.004518
0.500000	0.200000	0.600000	0.004915
0.500000	0.200000	0.700000	0.005108
0.500000	0.200000	0.800000	0.004371
0.500000	0.200000	0.900000	0.002766
0.500000	0.200000	1.000000	0.002766
0.500000	0.300000	0.000000	0.003077
0.500000	0.300000	0.100000	0.003077
0.500000	0.300000	0.200000	0.003728
0.500000	0.300000	0.300000	0.004276
0.500000	0.300000	0.400000	0.004841
0.500000	0.300000	0.500000	0.005682
0.500000	0.300000	0.600000	0.007180
0.500000	0.300000	0.700000	0.009934
0.500000	0.300000	0.800000	0.013844
0.500000	0.300000	0.900000	0.013075
0.500000	0.300000	1.000000	0.013075
0.500000	0.400000	0.000000	0.003037
0.500000	0.400000	0.100000	0.003037
0.500000	0.400000	0.200000	0.003775
0.500000	0.400000	0.300000	0.004462
0.500000	0.400000	0.400000	0.005260
0.500000	0.400000	0.500000	0.006525
0.500000	0.400000	0.600000	0.008924
0.500000	0.400000	0.700000	0.013127
0.500000	0.400000	0.800000	0.013837
0.500000	0.400000	0.900000	0.007616
0.500000	0.400000	1.000000	0.007616
0.500000	0.500000	0.000000	0.003030
0.500000	0.500000	0.100000	0.003030
0.500000	0.500000	0.200000	0.003797
0.500000	0.500000	0.300000	0.004531
0.500000	0.500000	0.400000	0.005415
0.500000	0.500000	0.500000	0.006860
0.500000	0.500000	0.600000	0.009629
0.500000	0.500000	0.700000	0.014198
0.500000	0.500000	0.800000	0.012072
0.500000	0.500000	0.900000	0.005108
0.500000	0.500000	1.000000	0.005108
0.500000	0.600000	0.000000	0.003047
0.500000	0.600000	0.100000	0.003047
0.500000	0.600000	0.200000	0.003789
0.500000	0.600000	0.300000	0.004472
0.500000	0.600000	0.400000	0.005271
0.500000	0.600000	0.500000	0.006569
0.500000	0.600000	0.600000	0.009041
0.500000	0.600000	0.700000	0.013539
0.500000	0.600000	0.800000	0.014159
0.500000	0.600000	0.900000	0.008301
0.500000	0.600000	1.000000	0.008301
0.500000	0.700000	0.000000	0.003097
0.500000	0.700000	0.100000	0.003097
0.500000	0.700000	0.200000	0.003750
0.500000	0.700000	0.300000	0.004279
0.500000	0.700000	0.400000	0.004822
0.500000	0.700000	0.500000	0.005673
0.500000	0.700000	0.600000	0.007287
0.500000	0.700000	0.700000	0.010254
0.500000	0.700000	0.800000	0.015250
0.500000	0.700000	0.900000	0.014873
0.500000	0.700000	1.000000	0.014873
0.500000	0.800000	0.000000	0.003206
0.500000	0.800000	0.100000	0.003206
0.500000	0.800000	0.200000	0.003697
0.500000	0.800000	0.300000	0.003943
0.500000	0.800000	0.400000	0.004134
0.500000	0.800000	0.500000	0.004377
0.500000	0.800000	0.600000	0.004651
0.500000	0.800000	0.700000	0.004773
0.500000	0.800000	0.800000	0.003543
0.500000	0.800000	0.900000	0.001705
0.500000	0.800000	1.000000	0.001705
0.500000	0.900000	0.000000	0.003472
0.500000	0.900000	0.100000	0.003472
0.500000	0.900000	0.200000	0.003535
0.500000	0.900000	0.300000	0.003544
0.500000	0.900000	0.400000	0.003520
0.500000	0.900000	0.500000	0.003383
0.500000	0.900000	0.600000	0.003129
0.500000	0.900000	0.700000	0.003092
0.500000	0.900000	0.800000	0.001766
0.500000	0.900000	0.900000	0.001860
0.500000	0.900000	1.000000	0.001860
0.500000	1.000000	0.000000	0.003472
0.500000	1.000000	0.100000	0.003472
0.500000	1.000000	0.200000	0.003535
0.500000	1.000000	0.300000	0.003544
0.500000	1.000000	0.400000	0.003520
0.500000	1.000000	0.500000	0.003383
0.500000	1.000000	0.600000	0.003129
0.500000	1.000000	0.700000	0.003092
0.500000	1.000000	0.800000	0.001766
0.500000	1.000000	0.900000	0.001860
0.500000	1.000000	1.000000	0.001860
0.600000	0.000000	0.000000	0.003439
0.600000	0.000000	0.100000	0.003439
0.600000	0.000000	0.200000	0.003546
0.600000	0.000000	0.300000	0.003551
0.600000	0.000000	0.400000	0.003477
0.600000	0.000000	0.500000	0.003427
0.600000	0.000000	0.600000	0.003203
0.600000	0.000000	0.700000	0.002797
0.600000	0.000000	0.800000	0.002027
0.600000	0.000000	0.900000	0.001775
0.600000	0.000000	1.000000	0.001775
0.600000	0.100000	0.000000	0.003439
0.600000	0.100000	0.100000	0.003439
0.600000	0.100000	0.200000	0.003546
0.600000	0.100000	0.300000	0.003551
0.600000	0.100000	0.400000	0.003477
0.600000	0.100000	0.500000	0.003427
0.600000	0.100000	0.600000	0.003203
0.600000	0.100000	0.700000	0.002797
0.600000	0.100000	0.800000	0.002027
0.600000	0.100000	0.900000	0.001775
0.600000	0.100000	1.000000	0.001775
0.600000	0.200000	0.000000	0.003177
0.600000	0.200000	0.100000	0.003177
0.600000	0.200000	0.200000	0.003670
0.600000	0.200000	0.300000	0.003937
0.600000	0.200000	0.400000	0.004139
0.600000	0.200000	0.500000	0.004409
0.600000	0.200000	0.600000	0.004782
0.600000	0.200000	0.700000	0.005080
0.600000	0.200000	0.800000	0.004431
0.600000	0.200000	0.900000	0.002968
0.600000	0.200000	1.000000	0.002968
0.600000	0.300000	0.000000	0.003094
0.600000	0.300000	0.100000	0.003094
0.600000	0.300000	0.200000	0.003723
0.600000	0.300000	0.300000	0.004230
0.600000	0.300000	0.400000	0.004735
0.600000	0.300000	0.500000	0.005484
0.600000	0.300000	0.600000	0.006832
0.600000	0.300000	0.700000	0.009458
0.600000	0.300000	0.800000	0.016571
0.600000	0.300000	0.900000	0.026130
0.600000	0.300000	1.000000	0.026130
0.600000	0.400000	0.000000	0.003054
0.600000	0.400000	0.100000	0.003054
0.600000	0.400000	0.200000	0.003768
0.600000	0.400000	0.300000	0.004407
0.600000	0.400000	0.400000	0.005127
0.600000	0.400000	0.500000	0.006262
0.600000	0.400000	0.600000	0.008382
0.600000	0.400000	0.700000	0.012578
0.600000	0.400000	0.800000	0.017688
0.600000	0.400000	0.900000	0.006452
0.600000	0.400000	1.000000	0.006452
0.600000	0.500000	0.000000	0.003047
0.600000	0.500000	0.100000	0.003047
0.600000	0.500000	0.200000	0.003789
0.600000	0.500000	0.300000	0.004472
0.600000	0.500000	0.400000	0.005271
0.600000	0.500000	0.500000	0.006570
0.600000	0.500000	0.600000	0.009034
0.600000	0.500000	0.700000	0.013526
0.600000	0.500000	0.800000	0.014294
0.600000	0.500000	0.900000	0.008375
0.600000	0.500000	1.000000	0.008375
0.600000	0.600000	0.000000	0.003065
0.600000	0.600000	0.100000	0.003065
0.600000	0.600000	0.200000	0.003782
0.600000	0.600000	0.300000	0.004419
0.600000	0.600000	0.400000	0.005138
0.600000	0.600000	0.500000	0.006313
0.600000	0.600000	0.600000	0.008543
0.600000	0.600000	0.700000	0.013283
0.600000	0.600000	0.800000	0.017608
0.600000	0.600000	0.900000	0.006759
0.600000	0.600000	1.000000	0.006759
0.600000	0.700000	0.000000	0.003114
0.600000	0.700000	0.100000	0.003114
0.600000	0.700000	0.200000	0.003746
0.600000	0.700000	0.300000	0.004237
0.600000	0.700000	0.400000	0.004721
0.600000	0.700000	0.500000	0.005485
0.600000	0.700000	0.600000	0.006986
0.600000	0.700000	0.700000	0.010053
0.600000	0.700000	0.800000	0.017710
0.600000	0.700000	0.900000	0.028546
0.600000	0.700000	1.000000	0.028546
0.600000	0.800000	0.000000	0.003222
0.600000	0.800000	0.100000	0.003222
0.600000	0.800000	0.200000	0.003695
0.600000	0.800000	0.300000	0.003914
0.600000	0.800000	0.400000	0.004070
0.600000	0.800000	0.500000	0.004282
0.600000	0.800000	0.600000	0.004550
0.600000	0.800000	0.700000	0.004761
0.600000	0.800000	0.800000	0.003697
0.600000	0.800000	0.900000	0.001903
0.600000	0.800000	1.000000	0.001903
0.600000	0.900000	0.000000	0.003486
0.600000	0.900000	0.100000	0.003486
0.600000	0.900000	0.200000	0.003536
0.600000	0.900000	0.300000	0.003524
0.600000	0.900000	0.400000	0.003478
0.600000	0.900000	0.500000	0.003331
0.600000	0.900000	0.600000	0.003095
0.600000	0.900000	0.700000	0.003085
0.600000	0.900000	0.800000	0.001800
0.600000	0.900000	0.900000	0.001949
0.600000	0.900000	1.000000	0.001949
0.600000	1.000000	0.000000	0.003486
0.600000	1.000000	0.100000	0.003486
0.600000	1.000000	0.200000	0.003536
0.600000	1.000000	0.300000	0.003524
0.600000	1.000000	0.400000	0.003478
0.600000	1.000000	0.500000	0.003331
0.600000	1.000000	0.600000	0.003095
0.600000	1.000000	0.700000	0.003085
0.600000	1.000000	0.800000	0.001800
0.600000	1.000000	0.900000	0.001949
0.600000	1.000000	1.000000	0.001949
0.700000	0.000000	0.000000	0.003471
0.700000	0.000000	0.100000	0.003471
0.700000	0.000000	0.200000	0.003530
0.700000	0.000000	0.300000	0.003467
0.700000	0.000000	0.400000	0.003359
0.700000	0.000000	0.500000	0.003309
0.700000	0.000000	0.600000	0.003028
0.700000	0.000000	0.700000	0.002765
0.700000	0.000000	0.800000	0.002208
0.700000	0.000000	0.900000	0.002175
0.700000	0.000000	1.000000	0.002175
0.700000	0.100000	0.000000	0.003471
0.700000	0.100000	0.100000	0.003471
0.700000	0.100000	0.200000	0.003530
0.700000	0.100000	0.300000	0.003467
0.700000	0.100000	0.400000	0.003359
0.700000	0.100000	0.500000	0.003309
0.700000	0.100000	0.600000	0.003028
0.700000	0.100000	0.700000	0.002765
0.700000	0.100000	0.800000	0.002208
0.700000	0.100000	0.900000	0.002175
0.700000	0.100000	1.000000	0.002175
0.700000	0.200000	0.000000	0.003218
0.700000	0.200000	0.100000	0.003218
0.700000	0.200000	0.200000	0.003647
0.700000	0.200000	0.300000	0.003822
0.700000	0.200000	0.400000	0.003904
0.700000	0.200000	0.500000	0.004042
0.700000	0.200000	0.600000	0.004265
0.700000	0.200000	0.700000	0.004502
0.700000	0.200000	0.800000	0.004558
0.700000	0.200000	0.900000	0.003898
0.700000	0.200000	1.000000	0.003898
0.700000	0.300000	0.000000	0.003140
0.700000	0.300000	0.100000	0.003140
0.700000	0.300000	0.200000	0.003693
0.700000	0.300000	0.300000	0.004077
0.700000	0.300000	0.400000	0.004398
0.700000	0.300000	0.500000	0.004874
0.700000	0.300000	0.600000	0.005769
0.700000	0.300000	0.700000	0.007425
0.700000	0.300000	0.800000	0.015837
0.700000	0.300000	0.900000	0.101846
0.700000	0.300000	1.000000	0.101846
0.700000	0.400000	0.000000	0.003102
0.700000	0.400000	0.100000	0.003102
0.700000	0.400000	0.200000	0.003731
0.700000	0.400000	0.300000	0.004226
0.700000	0.400000	0.400000	0.004711
0.700000	0.400000	0.500000	0.005450
0.700000	0.400000	0.600000	0.006835
0.700000	0.400000	0.700000	0.009493
0.700000	0.400000	0.800000	0.017647
0.700000	0.400000	0.900000	0.027853
0.700000	0.400000	1.000000	0.027853
0.700000	0.500000	0.000000	0.003097
0.700000	0.500000	0.100000	0.003097
0.700000	0.500000	0.200000	0.003750
0.700000	0.500000	0.300000	0.004280
0.700000	0.500000	0.400000	0.004825
0.700000	0.500000	0.500000	0.005679
0.700000	0.500000	0.600000	0.007297
0.700000	0.500000	0.700000	0.010277
0.700000	0.500000	0.800000	0.015437
0.700000	0.500000	0.900000	0.015048
0.700000	0.500000	1.000000	0.015048
0.700000	0.600000	0.000000	0.003114
0.700000	0.600000	0.100000	0.003114
0.700000	0.600000	0.200000	0.003746
0.700000	0.600000	0.300000	0.004237
0.700000	0.600000	0.400000	0.004722
0.700000	0.600000	0.500000	0.005489
0.700000	0.600000	0.600000	0.006999
0.700000	0.600000	0.700000	0.010096
0.700000	0.600000	0.800000	0.017798
0.700000	0.600000	0.900000	0.028770
0.700000	0.600000	1.000000	0.028770
0.700000	0.700000	0.000000	0.003161
0.700000	0.700000	0.100000	0.003161
0.700000	0.700000	0.200000	0.003717
0.700000	0.700000	0.300000	0.004085
0.700000	0.700000	0.400000	0.004388
0.700000	0.700000	0.500000	0.004881
0.700000	0.700000	0.600000	0.005919
0.700000	0.700000	0.700000	0.007953
0.700000	0.700000	0.800000	0.017415
0.700000	0.700000	0.900000	0.115961
0.700000	0.700000	1.000000	0.115961
0.700000	0.800000	0.000000	0.003265
0.700000	0.800000	0.100000	0.003265
0.700000	0.800000	0.200000	0.003676
0.700000	0.800000	0.300000	0.003804
0.700000	0.800000	0.400000	0.003878
0.700000	0.800000	0.500000	0.003977
0.700000	0.800000	0.600000	0.004117
0.700000	0.800000	0.700000	0.004271
0.700000	0.800000	0.800000	0.003756
0.700000	0.800000	0.900000	0.002369
0.700000	0.800000	1.000000	0.002369
0.700000	0.900000	0.000000	0.003525
0.700000	0.900000	0.100000	0.003525
0.700000	0.900000	0.200000	0.003529
0.700000	0.900000	0.300000	0.003465
0.700000	0.900000	0.400000	0.003364
0.700000	0.900000	0.500000	0.003192
0.700000	0.900000	0.600000	0.002967
0.700000	0.900000	0.700000	0.002975
0.700000	0.900000	0.800000	0.001915
0.700000	0.900000	0.900000	0.002021
0.700000	0.900000	1.000000	0.002021
0.700000	1.000000	0.000000	0.003525
0.700000	1.000000	0.100000	0.003525
0.700000	1.000000	0.200000	0.003529
0.700000	1.000000	0.300000	0.003465
0.700000	1.000000	0.400000	0.003364
0.700000	1.000000	0.500000	0.003192
0.700000	1.000000	0.600000	0.002967
0.700000	1.000000	0.700000	0.002975
0.700000	1.000000	0.800000	0.001915
0.700000	1.000000	0.900000	0.002021
0.700000	1.000000	1.000000	0.002021
0.800000	0.000000	0.000000	0.003551
0.800000	0.000000	0.100000	0.003551
0.800000	0.000000	0.200000	0.003511
0.800000	0.000000	0.300000	0.003327
0.800000	0.000000	0.400000	0.003215
0.800000	0.000000	0.500000	0.002836
0.800000	0.000000	0.600000	0.002632
0.800000	0.000000	0.700000	0.002417
0.800000	0.000000	0.800000	0.002173
0.800000	0.000000	0.900000	0.001753
0.800000	0.000000	1.000000	0.001753
0.800000	0.100000	0.000000	0.003551
0.800000	0.100000	0.100000	0.003551
0.800000	0.100000	0.200000	0.003511
0.800000	0.100000	0.300000	0.003327
0.800000	0.100000	0.400000	0.003215
0.800000	0.100000	0.500000	0.002836
0.800000	0.100000	0.600000	0.002632
0.800000	0.100000	0.700000	0.002417
0.800000	0.100000	0.800000	0.002173
0.800000	0.100000	0.900000	0.001753
0.800000	0.100000	1.000000	0.001753
0.800000	0.200000	0.000000	0.003311
0.800000	0.200000	0.100000	0.003311
0.800000	0.200000	0.200000	0.003614
0.800000	0.200000	0.300000	0.003599
0.800000	0.200000	0.400000	0.003565
0.800000	0.200000	0.500000	0.003518
0.800000	0.200000	0.600000	0.003479
0.800000	0.200000	0.700000	0.003320
0.800000	0.200000	0.800000	0.002953
0.800000	0.200000	0.900000	0.002965
0.800000	0.200000	1.000000	0.002965
0.800000	0.300000	0.000000	0.003240
0.800000	0.300000	0.100000	0.003240
0.800000	0.300000	0.200000	0.003651
0.800000	0.300000	0.300000	0.003798
0.800000	0.300000	0.400000	0.003924
0.800000	0.300000	0.500000	0.004045
0.800000	0.300000	0.600000	0.004188
0.800000	0.300000	0.700000	0.004170
0.800000	0.300000	0.800000	0.003436
0.800000	0.300000	0.900000	0.001932
0.800000	0.300000	1.000000	0.001932
0.800000	0.400000	0.000000	0.003209
0.800000	0.400000	0.100000	0.003209
0.800000	0.400000	0.200000	0.003681
0.800000	0.400000	0.300000	0.003905
0.800000	0.400000	0.400000	0.004067
0.800000	0.400000	0.500000	0.004379
0.800000	0.400000	0.600000	0.004655
0.800000	0.400000	0.700000	0.004680
0.800000	0.400000	0.800000	0.003562
0.800000	0.400000	0.900000	0.001799
0.800000	0.400000	1.000000	0.001799
0.800000	0.500000	0.000000	0.003205
0.800000	0.500000	0.100000	0.003205
0.800000	0.500000	0.200000	0.003696
0.800000	0.500000	0.300000	0.003944
0.800000	0.500000	0.400000	0.004140
0.800000	0.500000	0.500000	0.004503
0.800000	0.500000	0.600000	0.004841
0.800000	0.500000	0.700000	0.004825
0.800000	0.500000	0.800000	0.003568
0.800000	0.500000	0.900000	0.001715
0.800000	0.500000	1.000000	0.001715
0.800000	0.600000	0.000000	0.003221
0.800000	0.600000	0.100000	0.003221
0.800000	0.600000	0.200000	0.003695
0.800000	0.600000	0.300000	0.003915
0.800000	0.600000	0.400000	0.004144
0.800000	0.600000	0.500000	0.004401
0.800000	0.600000	0.600000	0.004731
0.800000	0.600000	0.700000	0.004811
0.800000	0.600000	0.800000	0.003729
0.800000	0.600000	0.900000	0.001916
0.800000	0.600000	1.000000	0.001916
0.800000	0.700000	0.000000	0.003264
0.800000	0.700000	0.100000	0.003264
0.800000	0.700000	0.200000	0.003675
0.800000	0.700000	0.300000	0.003804
0.800000	0.700000	0.400000	0.003913
0.800000	0.700000	0.500000	0.004042
0.800000	0.700000	0.600000	0.004236
0.800000	0.700000	0.700000	0.004298
0.800000	0.700000	0.800000	0.003773
0.800000	0.700000	0.900000	0.002378
0.800000	0.700000	1.000000	0.002378
0.800000	0.800000	0.000000	0.003357
0.800000	0.800000	0.100000	0.003357
0.800000	0.800000	0.200000	0.003647
0.800000	0.800000	0.300000	0.003619
0.800000	0.800000	0.400000	0.003572
0.800000	0.800000	0.500000	0.003516
0.800000	0.800000	0.600000	0.003455
0.800000	0.800000	0.700000	0.003244
0.800000	0.800000	0.800000	0.002735
0.800000	0.800000	0.900000	0.002418
0.800000	0.800000	1.000000	0.002418
0.800000	0.900000	0.000000	0.003613
0.800000	0.900000	0.100000	0.003613
0.800000	0.900000	0.200000	0.003508
0.800000	0.900000	0.300000	0.003346
0.800000	0.900000	0.400000	0.003228
0.800000	0.900000	0.500000	0.002747
0.800000	0.900000	0.600000	0.002450
0.800000	0.900000	0.700000	0.002119
0.800000	0.900000	0.800000	0.001839
0.800000	0.900000	0.900000	0.001814
0.800000	0.900000	1.000000	0.001814
0.800000	1.000000	0.000000	0.003613
0.800000	1.000000	0.100000	0.003613
0.800000	1.000000	0.200000	0.003508
0.800000	1.000000	0.300000	0.003346
0.800000	1.000000	0.400000	0.003228
0.800000	1.000000	0.500000	0.002747
0.800000	1.000000	0.600000	0.002450
0.800000	1.000000	0.700000	0.002119
0.800000	1.000000	0.800000	0.001839
0.800000	1.000000	0.900000	0.001814
0.800000	1.000000	1.000000	0.001814
0.900000	0.000000	0.000000	0.003764
0.900000	0.000000	0.100000	0.003764
0.900000	0.000000	0.200000	0.003596
0.900000	0.000000	0.300000	0.003042
0.900000	0.000000	0.400000	0.002729
0.900000	0.000000	0.500000	0.002437
0.900000	0.000000	0.600000	0.002175
0.900000	0.000000	0.700000	0.001975
0.900000	0.000000	0.800000	0.001866
0.900000	0.000000	0.900000	0.001706
0.900000	0.000000	1.000000	0.001706
0.900000	0.100000	0.000000	0.003764
0.900000	0.100000	0.100000	0.003764
0.900000	0.100000	0.200000	0.003596
0.900000	0.100000	0.300000	0.003042
0.900000	0.100000	0.400000	0.002729
0.900000	0.100000	0.500000	0.002437
0.900000	0.100000	0.600000	0.002175
0.900000	0.100000	0.700000	0.001975
0.900000	0.100000	0.800000	0.001866
0.900000	0.100000	0.900000	0.001706
0.900000	0.100000	1.000000	0.001706
0.900000	0.200000	0.000000	0.003559
0.900000	0.200000	0.100000	0.003559
0.900000	0.200000	0.200000	0.003475
0.900000	0.200000	0.300000	0.003331
0.900000	0.200000	0.400000	0.003228
0.900000	0.200000	0.500000	0.002825
0.900000	0.200000	0.600000	0.002555
0.900000	0.200000	0.700000	0.002256
0.900000	0.200000	0.800000	0.001993
0.900000	0.200000	0.900000	0.001887
0.900000	0.200000	1.000000	0.001887
0.900000	0.300000	0.000000	0.003497
0.900000	0.300000	0.100000	0.003497
0.900000	0.300000	0.200000	0.003505
0.900000	0.300000	0.300000	0.003450
0.900000	0.300000	0.400000	0.003353
0.900000	0.300000	0.500000	0.003093
0.900000	0.300000	0.600000	0.002809
0.900000	0.300000	0.700000	0.002372
0.900000	0.300000	0.800000	0.001833
0.900000	0.300000	0.900000	0.001954
0.900000	0.300000	1.000000	0.001954
0.900000	0.400000	0.000000	0.003472
0.900000	0.400000	0.100000	0.003472
0.900000	0.400000	0.200000	0.003524
0.900000	0.400000	0.300000	0.003523
0.900000	0.400000	0.400000	0.003491
0.900000	0.400000	0.500000	0.003413
0.900000	0.400000	0.600000	0.002927
0.900000	0.400000	0.700000	0.002395
0.900000	0.400000	0.800000	0.001787
0.900000	0.400000	0.900000	0.001917
0.900000	0.400000	1.000000	0.001917
0.900000	0.500000	0.000000	0.003469
0.900000	0.500000	0.100000	0.003469
0.900000	0.500000	0.200000	0.003534
0.900000	0.500000	0.300000	0.003546
0.900000	0.500000	0.400000	0.003528
0.900000	0.500000	0.500000	0.003449
0.900000	0.500000	0.600000	0.002965
0.900000	0.500000	0.700000	0.002424
0.900000	0.500000	0.800000	0.001795
0.900000	0.500000	0.900000	0.001884
0.900000	0.500000	1.000000	0.001884
0.900000	0.600000	0.000000	0.003484
0.900000	0.600000	0.100000	0.003484
0.900000	0.600000	0.200000	0.003535
0.900000	0.600000	0.300000	0.003525
0.900000	0.600000	0.400000	0.003496
0.900000	0.600000	0.500000	0.003420
0.900000	0.600000	0.600000	0.002929
0.900000	0.600000	0.700000	0.002424
0.900000	0.600000	0.800000	0.001826
0.900000	0.600000	0.900000	0.001970
0.900000	0.600000	1.000000	0.001970
0.900000	0.700000	0.000000	0.003522
0.900000	0.700000	0.100000	0.003522
0.900000	0.700000	0.200000	0.003527
0.900000	0.700000	0.300000	0.003482
0.900000	0.700000	0.400000	0.003391
0.900000	0.700000	0.500000	0.003059
0.900000	0.700000	0.600000	0.002786
0.900000	0.700000	0.700000	0.002392
0.900000	0.700000	0.800000	0.001935
0.900000	0.700000	0.900000	0.002035
0.900000	0.700000	1.000000	0.002035
0.900000	0.800000	0.000000	0.003612
0.900000	0.800000	0.100000	0.003612
0.900000	0.800000	0.200000	0.003507
0.900000	0.800000	0.300000	0.003346
0.900000	0.800000	0.400000	0.003229
0.900000	0.800000	0.500000	0.002753
0.900000	0.800000	0.600000	0.002460
0.900000	0.800000	0.700000	0.002131
0.900000	0.800000	0.800000	0.001846
0.900000	0.800000	0.900000	0.001818
0.900000	0.800000	1.000000	0.001818
0.900000	0.900000	0.000000	0.003813
0.900000	0.900000	0.100000	0.003813
0.900000	0.900000	0.200000	0.003403
0.900000	0.900000	0.300000	0.003186
0.900000	0.900000	0.400000	0.002704
0.900000	0.900000	0.500000	0.002385
0.900000	0.900000	0.600000	0.002078
0.900000	0.900000	0.700000	0.001810
0.900000	0.900000	0.800000	0.001674
0.900000	0.900000	0.900000	0.001677
0.900000	0.900000	1.000000	0.001677
0.900000	1.000000	0.000000	0.003813
0.900000	1.000000	0.100000	0.003813
0.900000	1.000000	0.200000	0.003403
0.900000	1.000000	0.300000	0.003186
0.900000	1.000000	0.400000	0.002704
0.900000	1.000000	0.500000	0.002385
0.900000	1.000000	0.600000	0.002078
0.900000	1.000000	0.700000	0.001810
0.900000	1.000000	0.800000	0.001674
0.900000	1.000000	0.900000	0.001677
0.900000	1.000000	1.000000	0.001677
1.000000	0.000000	0.000000	0.003764
1.000000	0.000000	0.100000	0.003764
1.000000	0.000000	0.200000	0.003596
1.000000	0.000000	0.300000	0.003042
1.000000	0.000000	0.400000	0.002729
1.000000	0.000000	0.500000	0.002437
1.000000	0.000000	0.600000	0.002175
1.000000	0.000000	0.700000	0.001975
1.000000	0.000000	0.800000	0.001866
1.000000	0.000000	0.900000	0.001706
1.000000	0.000000	1.000000	0.001706
1.000000	0.100000	0.000000	0.003764
1.000000	0.100000	0.100000	0.003764
1.000000	0.100000	0.200000	0.003596
1.000000	0.100000	0.300000	0.003042
1.000000	0.100000	0.400000	0.002729
1.000000	0.100000	0.500000	0.002437
1.000000	0.100000	0.600000	0.002175
1.000000	0.100000	0.700000	0.001975
1.000000	0.100000	0.800000	0.001866
1.000000	0.100000	0.900000	0.001706
1.000000	0.100000	1.000000	0.001706
1.000000	0.200000	0.000000	0.003559
1.000000	0.200000	0.100000	0.003559
1.000000	0.200000	0.200000	0.003475
1.000000	0.200000	0.300000	0.003331
1.000000	0.200000	0.400000	0.003228
1.000000	0.200000	0.500000	0.002825
1.000000	0.200000	0.600000	0.002555
1.000000	0.200000	0.700000	0.002256
1.000000	0.200000	0.800000	0.001993
1.000000	0.200000	0.900000	0.001887
1.000000	0.200000	1.000000	0.001887
1.000000	0.300000	0.000000	0.003497
1.000000	0.300000	0.100000	0.003497
1.000000	0.300000	0.200000	0.003505
1.000000	0.300000	0.300000	0.003450
1.000000	0.300000	0.400000	0.003353
1.000000	0.300000	0.500000	0.003093
1.000000	0.300000	0.600000	0.002809
1.000000	0.300000	0.700000	0.002372
1.000000	0.300000	0.800000	0.001833
1.000000	0.300000	0.900000	0.001954
1.000000	0.300000	1.000000	0.001954
1.000000	0.400000	0.000000	0.003472
1.000000	0.400000	0.100000	0.003472
1.000000	0.400000	0.200000	0.003524
1.000000	0.400000	0.300000	0.003523
1.000000	0.400000	0.400000	0.003491
1.000000	0.400000	0.500000	0.003413
1.000000	0.400000	0.600000	0.002927
1.000000	0.400000	0.700000	0.002395
1.000000	0.400000	0.800000	0.001787
1.000000	0.400000	0.900000	0.001917
1.000000	0.400000	1.000000	0.001917
1.000000	0.500000	0.000000	0.003469
1.000000	0.500000	0.100000	0.003469
1.000000	0.500000	0.200000	0.003534
1.000000	0.500000	0.300000	0.003546
1.000000	0.500000	0.400000	0.003528
1.000000	0.500000	0.500000	0.003449
1.000000	0.500000	0.600000	0.002965
1.000000	0.500000	0.700000	0.002424
1.000000	0.500000	0.800000	0.001795
1.000000	0.500000	0.900000	0.001884
1.000000	0.500000	1.000000	0.001884
1.000000	0.600000	0.000000	0.003484
1.000000	0.600000	0.100000	0.003484
1.000000	0.600000	0.200000	0.003535
1.000000	0.600000	0.300000	0.003525
1.000000	0.600000	0.400000	0.003496
1.000000	0.600000	0.500000	0.003420
1.000000	0.600000	0.600000	0.002929
1.000000	0.600000	0.700000	0.002424
1.000000	0.600000	0.800000	0.001826
1.000000	0.600000	0.900000	0.001970
1.000000	0.600000	1.000000	0.001970
1.000000	0.700000	0.000000	0.003522
1.000000	0.700000	0.100000	0.003522
1.000000	0.700000	0.200000	0.003527
1.000000	0.700000	0.300000	0.003482
1.000000	0.700000	0.400000	0.003391
1.000000	0.700000	0.500000	0.003059
1.000000	0.700000	0.600000	0.002786
1.000000	0.700000	0.700000	0.002392
1.000000	0.700000	0.800000	0.001935
1.000000	0.700000	0.900000	0.002035
1.000000	0.700000	1.000000	0.002035
1.000000	0.800000	0.000000	0.003612
1.000000	0.800000	0.100000	0.003612
1.000000	0.800000	0.200000	0.003507
1.000000	0.800000	0.300000	0.003346
1.000000	0.800000	0.400000	0.003229
1.000000	0.800000	0.500000	0.002753
1.000000	0.800000	0.600000	0.002460
1.000000	0.800000	0.700000	0.002131
1.000000	0.800000	0.800000	0.001846
1.000000	0.800000	0.900000	0.001818
1.000000	0.800000	1.000000	0.001818
1.000000	0.900000	0.000000	0.003813
1.000000	0.900000	0.100000	0.003813
1.000000	0.900000	0.200000	0.003403
1.000000	0.900000	0.300000	0.003186
1.000000	0.900000	0.400000	0.002704
1.000000	0.900000	0.500000	0.002385
1.000000	0.900000	0.600000	0.002078
1.000000	0.900000	0.700000	0.001810
1.000000	0.900000	0.800000	0.001674
1.000000	0.900000	0.900000	0.001677
1.000000	0.900000	1.000000	0.001677
1.000000	1.000000	0.000000	0.003813
1.000000	1.000000	0.100000	0.003813
1.000000	1.000000	0.200000	0.003403
1.000000	1.000000	0.300000	0.003186
1.000000	1.000000	0.400000	0.002704
1.000000	1.000000	0.500000	0.002385
1.000000	1.000000	0.600000	0.002078
1.000000	1.000000	0.700000	0.001810
1.000000	1.000000	0.800000	0.001674
1.000000	1.000000	0.900000	0.001677
1.000000	1.000000	1.000000	0.001677
