x	y	z	valeur
0.000000	0.000000	0.000000	0.003896
0.000000	0.000000	0.100000	0.003896
0.000000	0.000000	0.200000	0.003748
0.000000	0.000000	0.300000	0.003557
0.000000	0.000000	0.400000	0.003373
0.000000	0.000000	0.500000	0.003199
0.000000	0.000000	0.600000	0.003058
0.000000	0.000000	0.700000	0.002967
0.000000	0.000000	0.800000	0.002900
0.000000	0.000000	0.900000	0.002663
0.000000	0.000000	1.000000	0.002663
0.000000	0.100000	0.000000	0.003896
0.000000	0.100000	0.100000	0.003896
0.000000	0.100000	0.200000	0.003748
0.000000	0.100000	0.300000	0.003557
0.000000	0.100000	0.400000	0.003373
0.000000	0.100000	0.500000	0.003199
0.000000	0.100000	0.600000	0.003058
0.000000	0.100000	0.700000	0.002967
0.000000	0.100000	0.800000	0.002900
0.000000	0.100000	0.900000	0.002663
0.000000	0.100000	1.000000	0.002663
0.000000	0.200000	0.000000	0.003757
0.000000	0.200000	0.100000	0.003757
0.000000	0.200000	0.200000	0.003791
0.000000	0.200000	0.300000	0.003718
0.000000	0.200000	0.400000	0.003599
0.000000	0.200000	0.500000	0.003474
0.000000	0.200000	0.600000	0.003359
0.000000	0.200000	0.700000	0.003261
0.000000	0.200000	0.800000	0.003141
0.000000	0.200000	0.900000	0.002817
0.000000	0.200000	1.000000	0.002817
0.000000	0.300000	0.000000	0.003722
0.000000	0.300000	0.100000	0.003722
0.000000	0.300000	0.200000	0.003813
0.000000	0.300000	0.300000	0.003816
0.000000	0.300000	0.400000	0.003761
0.000000	0.300000	0.500000	0.003680
0.000000	0.300000	0.600000	0.003580
0.000000	0.300000	0.700000	0.003395
0.000000	0.300000	0.800000	0.003009
0.000000	0.300000	0.900000	0.002719
0.000000	0.300000	1.000000	0.002719
0.000000	0.400000	0.000000	0.003707
0.000000	0.400000	0.100000	0.003707
0.000000	0.400000	0.200000	0.003831
0.000000	0.400000	0.300000	0.003870
0.000000	0.400000	0.400000	0.003850
0.000000	0.400000	0.500000	0.003794
0.000000	0.400000	0.600000	0.003690
0.000000	0.400000	0.700000	0.003450
0.000000	0.400000	0.800000	0.002961
0.000000	0.400000	0.900000	0.002484
0.000000	0.400000	1.000000	0.002484
0.000000	0.500000	0.000000	0.003708
0.000000	0.500000	0.100000	0.003708
0.000000	0.500000	0.200000	0.003840
0.000000	0.500000	0.300000	0.003889
0.000000	0.500000	0.400000	0.003880
0.000000	0.500000	0.500000	0.003832
0.000000	0.500000	0.600000	0.003734
0.000000	0.500000	0.700000	0.003481
0.000000	0.500000	0.800000	0.002957
0.000000	0.500000	0.900000	0.002461
0.000000	0.500000	1.000000	0.002461
0.000000	0.600000	0.000000	0.003717
0.000000	0.600000	0.100000	0.003717
0.000000	0.600000	0.200000	0.003840
0.000000	0.600000	0.300000	0.003875
0.000000	0.600000	0.400000	0.003851
0.000000	0.600000	0.500000	0.003798
0.000000	0.600000	0.600000	0.003710
0.000000	0.600000	0.700000	0.003495
0.000000	0.600000	0.800000	0.003025
0.000000	0.600000	0.900000	0.002576
0.000000	0.600000	1.000000	0.002576
0.000000	0.700000	0.000000	0.003739
0.000000	0.700000	0.100000	0.003739
0.000000	0.700000	0.200000	0.003831
0.000000	0.700000	0.300000	0.003822
0.000000	0.700000	0.400000	0.003754
0.000000	0.700000	0.500000	0.003672
0.000000	0.700000	0.600000	0.003591
0.000000	0.700000	0.700000	0.003460
0.000000	0.700000	0.800000	0.003177
0.000000	0.700000	0.900000	0.002891
0.000000	0.700000	1.000000	0.002891
0.000000	0.800000	0.000000	0.003795
0.000000	0.800000	0.100000	0.003795
0.000000	0.800000	0.200000	0.003815
0.000000	0.800000	0.300000	0.003716
0.000000	0.800000	0.400000	0.003578
0.000000	0.800000	0.500000	0.003434
0.000000	0.800000	0.600000	0.003299
0.000000	0.800000	0.700000	0.003166
0.000000	0.800000	0.800000	0.003005
0.000000	0.800000	0.900000	0.002687
0.000000	0.800000	1.000000	0.002687
0.000000	0.900000	0.000000	0.003917
0.000000	0.900000	0.100000	0.003917
0.000000	0.900000	0.200000	0.003759
0.000000	0.900000	0.300000	0.003556
0.000000	0.900000	0.400000	0.003360
0.000000	0.900000	0.500000	0.003165
0.000000	0.900000	0.600000	0.002982
0.000000	0.900000	0.700000	0.002830
0.000000	0.900000	0.800000	0.002718
0.000000	0.900000	0.900000	0.002596
0.000000	0.900000	1.000000	0.002596
0.000000	1.000000	0.000000	0.003917
0.000000	1.000000	0.100000	0.003917
0.000000	1.000000	0.200000	0.003759
0.000000	1.000000	0.300000	0.003556
0.000000	1.000000	0.400000	0.003360
0.000000	1.000000	0.500000	0.003165
0.000000	1.000000	0.600000	0.002982
0.000000	1.000000	0.700000	0.002830
0.000000	1.000000	0.800000	0.002718
0.000000	1.000000	0.900000	0.002596
0.000000	1.000000	1.000000	0.002596
0.100000	0.000000	0.000000	0.003896
0.100000	0.000000	0.100000	0.003896
0.100000	0.000000	0.200000	0.003748
0.100000	0.000000	0.300000	0.003557
0.100000	0.000000	0.400000	0.003373
0.100000	0.000000	0.500000	0.003199
0.100000	0.000000	0.600000	0.003058
0.100000	0.000000	0.700000	0.002967
0.100000	0.000000	0.800000	0.002900
0.100000	0.000000	0.900000	0.002663
0.100000	0.000000	1.000000	0.002663
0.100000	0.100000	0.000000	0.003896
0.100000	0.100000	0.100000	0.003896
0.100000	0.100000	0.200000	0.003748
0.100000	0.100000	0.300000	0.003557
0.100000	0.100000	0.400000	0.003373
0.100000	0.100000	0.500000	0.003199
0.100000	0.100000	0.600000	0.003058
0.100000	0.100000	0.700000	0.002967
0.100000	0.100000	0.800000	0.002900
0.100000	0.100000	0.900000	0.002663
0.100000	0.100000	1.000000	0.002663
0.100000	0.200000	0.000000	0.003757
0.100000	0.200000	0.100000	0.003757
0.100000	0.200000	0.200000	0.003791
0.100000	0.200000	0.300000	0.003718
0.100000	0.200000	0.400000	0.003599
0.100000	0.200000	0.500000	0.003474
0.100000	0.200000	0.600000	0.003359
0.100000	0.200000	0.700000	0.003261
0.100000	0.200000	0.800000	0.003141
0.100000	0.200000	0.900000	0.002817
0.100000	0.200000	1.000000	0.002817
0.100000	0.300000	0.000000	0.003722
0.100000	0.300000	0.100000	0.003722
0.100000	0.300000	0.200000	0.003813
0.100000	0.300000	0.300000	0.003816
0.100000	0.300000	0.400000	0.003761
0.100000	0.300000	0.500000	0.003680
0.100000	0.300000	0.600000	0.003580
0.100000	0.300000	0.700000	0.003395
0.100000	0.300000	0.800000	0.003009
0.100000	0.300000	0.900000	0.002719
0.100000	0.300000	1.000000	0.002719
0.100000	0.400000	0.000000	0.003707
0.100000	0.400000	0.100000	0.003707
0.100000	0.400000	0.200000	0.003831
0.100000	0.400000	0.300000	0.003870
0.100000	0.400000	0.400000	0.003850
0.100000	0.400000	0.500000	0.003794
0.100000	0.400000	0.600000	0.003690
0.100000	0.400000	0.700000	0.003450
0.100000	0.400000	0.800000	0.002961
0.100000	0.400000	0.900000	0.002484
0.100000	0.400000	1.000000	0.002484
0.100000	0.500000	0.000000	0.003708
0.100000	0.500000	0.100000	0.003708
0.100000	0.500000	0.200000	0.003840
0.100000	0.500000	0.300000	0.003889
0.100000	0.500000	0.400000	0.003880
0.100000	0.500000	0.500000	0.003832
0.100000	0.500000	0.600000	0.003734
0.100000	0.500000	0.700000	0.003481
0.100000	0.500000	0.800000	0.002957
0.100000	0.500000	0.900000	0.002461
0.100000	0.500000	1.000000	0.002461
0.100000	0.600000	0.000000	0.003717
0.100000	0.600000	0.100000	0.003717
0.100000	0.600000	0.200000	0.003840
0.100000	0.600000	0.300000	0.003875
0.100000	0.600000	0.400000	0.003851
0.100000	0.600000	0.500000	0.003798
0.100000	0.600000	0.600000	0.003710
0.100000	0.600000	0.700000	0.003495
0.100000	0.600000	0.800000	0.003025
0.100000	0.600000	0.900000	0.002576
0.100000	0.600000	1.000000	0.002576
0.100000	0.700000	0.000000	0.003739
0.100000	0.700000	0.100000	0.003739
0.100000	0.700000	0.200000	0.003831
0.100000	0.700000	0.300000	0.003822
0.100000	0.700000	0.400000	0.003754
0.100000	0.700000	0.500000	0.003672
0.100000	0.700000	0.600000	0.003591
0.100000	0.700000	0.700000	0.003460
0.100000	0.700000	0.800000	0.003177
0.100000	0.700000	0.900000	0.002891
0.100000	0.700000	1.000000	0.002891
0.100000	0.800000	0.000000	0.003795
0.100000	0.800000	0.100000	0.003795
0.100000	0.800000	0.200000	0.003815
0.100000	0.800000	0.300000	0.003716
0.100000	0.800000	0.400000	0.003578
0.100000	0.800000	0.500000	0.003434
0.100000	0.800000	0.600000	0.003299
0.100000	0.800000	0.700000	0.003166
0.100000	0.800000	0.800000	0.003005
0.100000	0.800000	0.900000	0.002687
0.100000	0.800000	1.000000	0.002687
0.100000	0.900000	0.000000	0.003917
0.100000	0.900000	0.100000	0.003917
0.100000	0.900000	0.200000	0.003759
0.100000	0.900000	0.300000	0.003556
0.100000	0.900000	0.400000	0.003360
0.100000	0.900000	0.500000	0.003165
0.100000	0.900000	0.600000	0.002982
0.100000	0.900000	0.700000	0.002830
0.100000	0.900000	0.800000	0.002718
0.100000	0.900000	0.900000	0.002596
0.100000	0.900000	1.000000	0.002596
0.100000	1.000000	0.000000	0.003917
0.100000	1.000000	0.100000	0.003917
0.100000	1.000000	0.200000	0.003759
0.100000	1.000000	0.300000	0.003556
0.100000	1.000000	0.400000	0.003360
0.100000	1.000000	0.500000	0.003165
0.100000	1.000000	0.600000	0.002982
0.100000	1.000000	0.700000	0.002830
0.100000	1.000000	0.800000	0.002718
0.100000	1.000000	0.900000	0.002596
0.100000	1.000000	1.000000	0.002596
0.200000	0.000000	0.000000	0.003757
0.200000	0.000000	0.100000	0.003757
0.200000	0.000000	0.200000	0.003791
0.200000	0.000000	0.300000	0.003718
0.200000	0.000000	0.400000	0.003599
0.200000	0.000000	0.500000	0.003474
0.200000	0.000000	0.600000	0.003359
0.200000	0.000000	0.700000	0.003261
0.200000	0.000000	0.800000	0.003141
0.200000	0.000000	0.900000	0.002817
0.200000	0.000000	1.000000	0.002817
0.200000	0.100000	0.000000	0.003757
0.200000	0.100000	0.100000	0.003757
0.200000	0.100000	0.200000	0.003791
0.200000	0.100000	0.300000	0.003718
0.200000	0.100000	0.400000	0.003599
0.200000	0.100000	0.500000	0.003474
0.200000	0.100000	0.600000	0.003359
0.200000	0.100000	0.700000	0.003261
0.200000	0.100000	0.800000	0.003141
0.200000	0.100000	0.900000	0.002817
0.200000	0.100000	1.000000	0.002817
0.200000	0.200000	0.000000	0.003608
0.200000	0.200000	0.100000	0.003608
0.200000	0.200000	0.200000	0.003848
0.200000	0.200000	0.300000	0.003899
0.200000	0.200000	0.400000	0.003878
0.200000	0.200000	0.500000	0.003854
0.200000	0.200000	0.600000	0.003850
0.200000	0.200000	0.700000	0.003846
0.200000	0.200000	0.800000	0.003917
0.200000	0.200000	0.900000	0.004309
0.200000	0.200000	1.000000	0.004309
0.200000	0.300000	0.000000	0.003560
0.200000	0.300000	0.100000	0.003560
0.200000	0.300000	0.200000	0.003873
0.200000	0.300000	0.300000	0.004025
0.200000	0.300000	0.400000	0.004104
0.200000	0.300000	0.500000	0.004190
0.200000	0.300000	0.600000	0.004313
0.200000	0.300000	0.700000	0.004451
0.200000	0.300000	0.800000	0.004653
0.200000	0.300000	0.900000	0.004645
0.200000	0.300000	1.000000	0.004645
0.200000	0.400000	0.000000	0.003538
0.200000	0.400000	0.100000	0.003538
0.200000	0.400000	0.200000	0.003896
0.200000	0.400000	0.300000	0.004099
0.200000	0.400000	0.400000	0.004240
0.200000	0.400000	0.500000	0.004396
0.200000	0.400000	0.600000	0.004593
0.200000	0.400000	0.700000	0.004772
0.200000	0.400000	0.800000	0.004640
0.200000	0.400000	0.900000	0.004405
0.200000	0.400000	1.000000	0.004405
0.200000	0.500000	0.000000	0.003535
0.200000	0.500000	0.100000	0.003535
0.200000	0.500000	0.200000	0.003908
0.200000	0.500000	0.300000	0.004127
0.200000	0.500000	0.400000	0.004288
0.200000	0.500000	0.500000	0.004471
0.200000	0.500000	0.600000	0.004698
0.200000	0.500000	0.700000	0.004861
0.200000	0.500000	0.800000	0.004740
0.200000	0.500000	0.900000	0.004357
0.200000	0.500000	1.000000	0.004357
0.200000	0.600000	0.000000	0.003547
0.200000	0.600000	0.100000	0.003547
0.200000	0.600000	0.200000	0.003907
0.200000	0.600000	0.300000	0.004107
0.200000	0.600000	0.400000	0.004246
0.200000	0.600000	0.500000	0.004409
0.200000	0.600000	0.600000	0.004629
0.200000	0.600000	0.700000	0.004851
0.200000	0.600000	0.800000	0.004748
0.200000	0.600000	0.900000	0.004465
0.200000	0.600000	1.000000	0.004465
0.200000	0.700000	0.000000	0.003578
0.200000	0.700000	0.100000	0.003578
0.200000	0.700000	0.200000	0.003892
0.200000	0.700000	0.300000	0.004035
0.200000	0.700000	0.400000	0.004103
0.200000	0.700000	0.500000	0.004192
0.200000	0.700000	0.600000	0.004342
0.200000	0.700000	0.700000	0.004563
0.200000	0.700000	0.800000	0.004984
0.200000	0.700000	0.900000	0.005803
0.200000	0.700000	1.000000	0.005803
0.200000	0.800000	0.000000	0.003644
0.200000	0.800000	0.100000	0.003644
0.200000	0.800000	0.200000	0.003871
0.200000	0.800000	0.300000	0.003899
0.200000	0.800000	0.400000	0.003859
0.200000	0.800000	0.500000	0.003815
0.200000	0.800000	0.600000	0.003781
0.200000	0.800000	0.700000	0.003712
0.200000	0.800000	0.800000	0.003602
0.200000	0.800000	0.900000	0.003486
0.200000	0.800000	1.000000	0.003486
0.200000	0.900000	0.000000	0.003799
0.200000	0.900000	0.100000	0.003799
0.200000	0.900000	0.200000	0.003791
0.200000	0.900000	0.300000	0.003714
0.200000	0.900000	0.400000	0.003583
0.200000	0.900000	0.500000	0.003431
0.200000	0.900000	0.600000	0.003260
0.200000	0.900000	0.700000	0.003080
0.200000	0.900000	0.800000	0.002911
0.200000	0.900000	0.900000	0.002824
0.200000	0.900000	1.000000	0.002824
0.200000	1.000000	0.000000	0.003799
0.200000	1.000000	0.100000	0.003799
0.200000	1.000000	0.200000	0.003791
0.200000	1.000000	0.300000	0.003714
0.200000	1.000000	0.400000	0.003583
0.200000	1.000000	0.500000	0.003431
0.200000	1.000000	0.600000	0.003260
0.200000	1.000000	0.700000	0.003080
0.200000	1.000000	0.800000	0.002911
0.200000	1.000000	0.900000	0.002824
0.200000	1.000000	1.000000	0.002824
0.300000	0.000000	0.000000	0.003722
0.300000	0.000000	0.100000	0.003722
0.300000	0.000000	0.200000	0.003813
0.300000	0.000000	0.300000	0.003816
0.300000	0.000000	0.400000	0.003761
0.300000	0.000000	0.500000	0.003680
0.300000	0.000000	0.600000	0.003580
0.300000	0.000000	0.700000	0.003395
0.300000	0.000000	0.800000	0.003009
0.300000	0.000000	0.900000	0.002719
0.300000	0.000000	1.000000	0.002719
0.300000	0.100000	0.000000	0.003722
0.300000	0.100000	0.100000	0.003722
0.300000	0.100000	0.200000	0.003813
0.300000	0.100000	0.300000	0.003816
0.300000	0.100000	0.400000	0.003761
0.300000	0.100000	0.500000	0.003680
0.300000	0.100000	0.600000	0.003580
0.300000	0.100000	0.700000	0.003395
0.300000	0.100000	0.800000	0.003009
0.300000	0.100000	0.900000	0.002719
0.300000	0.100000	1.000000	0.002719
0.300000	0.200000	0.000000	0.003560
0.300000	0.200000	0.100000	0.003560
0.300000	0.200000	0.200000	0.003873
0.300000	0.200000	0.300000	0.004025
0.300000	0.200000	0.400000	0.004104
0.300000	0.200000	0.500000	0.004190
0.300000	0.200000	0.600000	0.004313
0.300000	0.200000	0.700000	0.004451
0.300000	0.200000	0.800000	0.004653
0.300000	0.200000	0.900000	0.004645
0.300000	0.200000	1.000000	0.004645
0.300000	0.300000	0.000000	0.003506
0.300000	0.300000	0.100000	0.003506
0.300000	0.300000	0.200000	0.003906
0.300000	0.300000	0.300000	0.004184
0.300000	0.300000	0.400000	0.004406
0.300000	0.300000	0.500000	0.004692
0.300000	0.300000	0.600000	0.005168
0.300000	0.300000	0.700000	0.006095
0.300000	0.300000	0.800000	0.008955
0.300000	0.300000	0.900000	0.015423
0.300000	0.300000	1.000000	0.015423
0.300000	0.400000	0.000000	0.003479
0.300000	0.400000	0.100000	0.003479
0.300000	0.400000	0.200000	0.003934
0.300000	0.400000	0.300000	0.004281
0.300000	0.400000	0.400000	0.004597
0.300000	0.400000	0.500000	0.005016
0.300000	0.400000	0.600000	0.005694
0.300000	0.400000	0.700000	0.006815
0.300000	0.400000	0.800000	0.008591
0.300000	0.400000	0.900000	0.008433
0.300000	0.400000	1.000000	0.008433
0.300000	0.500000	0.000000	0.003475
0.300000	0.500000	0.100000	0.003475
0.300000	0.500000	0.200000	0.003948
0.300000	0.500000	0.300000	0.004317
0.300000	0.500000	0.400000	0.004666
0.300000	0.500000	0.500000	0.005138
0.300000	0.500000	0.600000	0.005893
0.300000	0.500000	0.700000	0.007024
0.300000	0.500000	0.800000	0.008140
0.300000	0.500000	0.900000	0.007624
0.300000	0.500000	1.000000	0.007624
0.300000	0.600000	0.000000	0.003488
0.300000	0.600000	0.100000	0.003488
0.300000	0.600000	0.200000	0.003945
0.300000	0.600000	0.300000	0.004288
0.300000	0.600000	0.400000	0.004603
0.300000	0.600000	0.500000	0.005030
0.300000	0.600000	0.600000	0.005737
0.300000	0.600000	0.700000	0.006937
0.300000	0.600000	0.800000	0.008865
0.300000	0.600000	0.900000	0.009133
0.300000	0.600000	1.000000	0.009133
0.300000	0.700000	0.000000	0.003524
0.300000	0.700000	0.100000	0.003524
0.300000	0.700000	0.200000	0.003924
0.300000	0.700000	0.300000	0.004192
0.300000	0.700000	0.400000	0.004403
0.300000	0.700000	0.500000	0.004692
0.300000	0.700000	0.600000	0.005207
0.300000	0.700000	0.700000	0.006273
0.300000	0.700000	0.800000	0.009941
0.300000	0.700000	0.900000	0.017172
0.300000	0.700000	1.000000	0.017172
0.300000	0.800000	0.000000	0.003599
0.300000	0.800000	0.100000	0.003599
0.300000	0.800000	0.200000	0.003896
0.300000	0.800000	0.300000	0.004021
0.300000	0.800000	0.400000	0.004079
0.300000	0.800000	0.500000	0.004140
0.300000	0.800000	0.600000	0.004213
0.300000	0.800000	0.700000	0.004191
0.300000	0.800000	0.800000	0.003710
0.300000	0.800000	0.900000	0.002798
0.300000	0.800000	1.000000	0.002798
0.300000	0.900000	0.000000	0.003762
0.300000	0.900000	0.100000	0.003762
0.300000	0.900000	0.200000	0.003810
0.300000	0.900000	0.300000	0.003806
0.300000	0.900000	0.400000	0.003738
0.300000	0.900000	0.500000	0.003626
0.300000	0.900000	0.600000	0.003462
0.300000	0.900000	0.700000	0.003193
0.300000	0.900000	0.800000	0.002817
0.300000	0.900000	0.900000	0.002897
0.300000	0.900000	1.000000	0.002897
0.300000	1.000000	0.000000	0.003762
0.300000	1.000000	0.100000	0.003762
0.300000	1.000000	0.200000	0.003810
0.300000	1.000000	0.300000	0.003806
0.300000	1.000000	0.400000	0.003738
0.300000	1.000000	0.500000	0.003626
0.300000	1.000000	0.600000	0.003462
0.300000	1.000000	0.700000	0.003193
0.300000	1.000000	0.800000	0.002817
0.300000	1.000000	0.900000	0.002897
0.300000	1.000000	1.000000	0.002897
0.400000	0.000000	0.000000	0.003707
0.400000	0.000000	0.100000	0.003707
0.400000	0.000000	0.200000	0.003831
0.400000	0.000000	0.300000	0.003870
0.400000	0.000000	0.400000	0.003850
0.400000	0.000000	0.500000	0.003794
0.400000	0.000000	0.600000	0.003690
0.400000	0.000000	0.700000	0.003450
0.400000	0.000000	0.800000	0.002961
0.400000	0.000000	0.900000	0.002484
0.400000	0.000000	1.000000	0.002484
0.400000	0.100000	0.000000	0.003707
0.400000	0.100000	0.100000	0.003707
0.400000	0.100000	0.200000	0.003831
0.400000	0.100000	0.300000	0.003870
0.400000	0.100000	0.400000	0.003850
0.400000	0.100000	0.500000	0.003794
0.400000	0.100000	0.600000	0.003690
0.400000	0.100000	0.700000	0.003450
0.400000	0.100000	0.800000	0.002961
0.400000	0.100000	0.900000	0.002484
0.400000	0.100000	1.000000	0.002484
0.400000	0.200000	0.000000	0.003538
0.400000	0.200000	0.100000	0.003538
0.400000	0.200000	0.200000	0.003896
0.400000	0.200000	0.300000	0.004099
0.400000	0.200000	0.400000	0.004240
0.400000	0.200000	0.500000	0.004396
0.400000	0.200000	0.600000	0.004593
0.400000	0.200000	0.700000	0.004772
0.400000	0.200000	0.800000	0.004640
0.400000	0.200000	0.900000	0.004405
0.400000	0.200000	1.000000	0.004405
0.400000	0.300000	0.000000	0.003479
0.400000	0.300000	0.100000	0.003479
0.400000	0.300000	0.200000	0.003934
0.400000	0.300000	0.300000	0.004281
0.400000	0.300000	0.400000	0.004597
0.400000	0.300000	0.500000	0.005016
0.400000	0.300000	0.600000	0.005694
0.400000	0.300000	0.700000	0.006815
0.400000	0.300000	0.800000	0.008591
0.400000	0.300000	0.900000	0.008433
0.400000	0.300000	1.000000	0.008433
0.400000	0.400000	0.000000	0.003449
0.400000	0.400000	0.100000	0.003449
0.400000	0.400000	0.200000	0.003967
0.400000	0.400000	0.300000	0.004393
0.400000	0.400000	0.400000	0.004828
0.400000	0.400000	0.500000	0.005424
0.400000	0.400000	0.600000	0.006358
0.400000	0.400000	0.700000	0.007629
0.400000	0.400000	0.800000	0.008116
0.400000	0.400000	0.900000	0.004704
0.400000	0.400000	1.000000	0.004704
0.400000	0.500000	0.000000	0.003444
0.400000	0.500000	0.100000	0.003444
0.400000	0.500000	0.200000	0.003982
0.400000	0.500000	0.300000	0.004436
0.400000	0.500000	0.400000	0.004911
0.400000	0.500000	0.500000	0.005573
0.400000	0.500000	0.600000	0.006588
0.400000	0.500000	0.700000	0.007779
0.400000	0.500000	0.800000	0.007555
0.400000	0.500000	0.900000	0.004215
0.400000	0.500000	1.000000	0.004215
0.400000	0.600000	0.000000	0.003458
0.400000	0.600000	0.100000	0.003458
0.400000	0.600000	0.200000	0.003977
0.400000	0.600000	0.300000	0.004400
0.400000	0.600000	0.400000	0.004833
0.400000	0.600000	0.500000	0.005436
0.400000	0.600000	0.600000	0.006404
0.400000	0.600000	0.700000	0.007766
0.400000	0.600000	0.800000	0.008386
0.400000	0.600000	0.900000	0.005073
0.400000	0.600000	1.000000	0.005073
0.400000	0.700000	0.000000	0.003496
0.400000	0.700000	0.100000	0.003496
0.400000	0.700000	0.200000	0.003951
0.400000	0.700000	0.300000	0.004287
0.400000	0.700000	0.400000	0.004591
0.400000	0.700000	0.500000	0.005013
0.400000	0.700000	0.600000	0.005728
0.400000	0.700000	0.700000	0.007009
0.400000	0.700000	0.800000	0.009412
0.400000	0.700000	0.900000	0.009742
0.400000	0.700000	1.000000	0.009742
0.400000	0.800000	0.000000	0.003576
0.400000	0.800000	0.100000	0.003576
0.400000	0.800000	0.200000	0.003918
0.400000	0.800000	0.300000	0.004091
0.400000	0.800000	0.400000	0.004208
0.400000	0.800000	0.500000	0.004335
0.400000	0.800000	0.600000	0.004465
0.400000	0.800000	0.700000	0.004447
0.400000	0.800000	0.800000	0.003751
0.400000	0.800000	0.900000	0.002622
0.400000	0.800000	1.000000	0.002622
0.400000	0.900000	0.000000	0.003744
0.400000	0.900000	0.100000	0.003744
0.400000	0.900000	0.200000	0.003823
0.400000	0.900000	0.300000	0.003856
0.400000	0.900000	0.400000	0.003822
0.400000	0.900000	0.500000	0.003729
0.400000	0.900000	0.600000	0.003558
0.400000	0.900000	0.700000	0.003241
0.400000	0.900000	0.800000	0.002828
0.400000	0.900000	0.900000	0.002853
0.400000	0.900000	1.000000	0.002853
0.400000	1.000000	0.000000	0.003744
0.400000	1.000000	0.100000	0.003744
0.400000	1.000000	0.200000	0.003823
0.400000	1.000000	0.300000	0.003856
0.400000	1.000000	0.400000	0.003822
0.400000	1.000000	0.500000	0.003729
0.400000	1.000000	0.600000	0.003558
0.400000	1.000000	0.700000	0.003241
0.400000	1.000000	0.800000	0.002828
0.400000	1.000000	0.900000	0.002853
0.400000	1.000000	1.000000	0.002853
0.500000	0.000000	0.000000	0.003708
0.500000	0.000000	0.100000	0.003708
0.500000	0.000000	0.200000	0.003840
0.500000	0.000000	0.300000	0.003889
0.500000	0.000000	0.400000	0.003880
0.500000	0.000000	0.500000	0.003832
0.500000	0.000000	0.600000	0.003734
0.500000	0.000000	0.700000	0.003481
0.500000	0.000000	0.800000	0.002957
0.500000	0.000000	0.900000	0.002461
0.500000	0.000000	1.000000	0.002461
0.500000	0.100000	0.000000	0.003708
0.500000	0.100000	0.100000	0.003708
0.500000	0.100000	0.200000	0.003840
0.500000	0.100000	0.300000	0.003889
0.500000	0.100000	0.400000	0.003880
0.500000	0.100000	0.500000	0.003832
0.500000	0.100000	0.600000	0.003734
0.500000	0.100000	0.700000	0.003481
0.500000	0.100000	0.800000	0.002957
0.500000	0.100000	0.900000	0.002461
0.500000	0.100000	1.000000	0.002461
0.500000	0.200000	0.000000	0.003535
0.500000	0.200000	0.100000	0.003535
0.500000	0.200000	0.200000	0.003908
0.500000	0.200000	0.300000	0.004127
0.500000	0.200000	0.400000	0.004288
0.500000	0.200000	0.500000	0.004471
0.500000	0.200000	0.600000	0.004698
0.500000	0.200000	0.700000	0.004861
0.500000	0.200000	0.800000	0.004740
0.500000	0.200000	0.900000	0.004357
0.500000	0.200000	1.000000	0.004357
0.500000	0.300000	0.000000	0.003475
0.500000	0.300000	0.100000	0.003475
0.500000	0.300000	0.200000	0.003948
0.500000	0.300000	0.300000	0.004317
0.500000	0.300000	0.400000	0.004666
0.500000	0.300000	0.500000	0.005138
0.500000	0.300000	0.600000	0.005893
0.500000	0.300000	0.700000	0.007024
0.500000	0.300000	0.800000	0.008140
0.500000	0.300000	0.900000	0.007624
0.500000	0.300000	1.000000	0.007624
0.500000	0.400000	0.000000	0.003444
0.500000	0.400000	0.100000	0.003444
0.500000	0.400000	0.200000	0.003982
0.500000	0.400000	0.300000	0.004436
0.500000	0.400000	0.400000	0.004911
0.500000	0.400000	0.500000	0.005573
0.500000	0.400000	0.600000	0.006588
0.500000	0.400000	0.700000	0.007779
0.500000	0.400000	0.800000	0.007555
0.500000	0.400000	0.900000	0.004215
0.500000	0.400000	1.000000	0.004215
0.500000	0.500000	0.000000	0.003439
0.500000	0.500000	0.100000	0.003439
0.500000	0.500000	0.200000	0.003998
0.500000	0.500000	0.300000	0.004480
0.500000	0.500000	0.400000	0.005000
0.500000	0.500000	0.500000	0.005733
0.500000	0.500000	0.600000	0.006828
0.500000	0.500000	0.700000	0.007968
0.500000	0.500000	0.800000	0.007063
0.500000	0.500000	0.900000	0.003753
0.500000	0.500000	1.000000	0.003753
0.500000	0.600000	0.000000	0.003453
0.500000	0.600000	0.100000	0.003453
0.500000	0.600000	0.200000	0.003992
0.500000	0.600000	0.300000	0.004442
0.500000	0.600000	0.400000	0.004916
0.500000	0.600000	0.500000	0.005586
0.500000	0.600000	0.600000	0.006635
0.500000	0.600000	0.700000	0.007916
0.500000	0.600000	0.800000	0.007801
0.500000	0.600000	0.900000	0.004642
0.500000	0.600000	1.000000	0.004642
0.500000	0.700000	0.000000	0.003492
0.500000	0.700000	0.100000	0.003492
0.500000	0.700000	0.200000	0.003965
0.500000	0.700000	0.300000	0.004322
0.500000	0.700000	0.400000	0.004658
0.500000	0.700000	0.500000	0.005133
0.500000	0.700000	0.600000	0.005928
0.500000	0.700000	0.700000	0.007223
0.500000	0.700000	0.800000	0.009021
0.500000	0.700000	0.900000	0.008730
0.500000	0.700000	1.000000	0.008730
0.500000	0.800000	0.000000	0.003574
0.500000	0.800000	0.100000	0.003574
0.500000	0.800000	0.200000	0.003929
0.500000	0.800000	0.300000	0.004117
0.500000	0.800000	0.400000	0.004254
0.500000	0.800000	0.500000	0.004403
0.500000	0.800000	0.600000	0.004555
0.500000	0.800000	0.700000	0.004509
0.500000	0.800000	0.800000	0.003795
0.500000	0.800000	0.900000	0.002606
0.500000	0.800000	1.000000	0.002606
0.500000	0.900000	0.000000	0.003743
0.500000	0.900000	0.100000	0.003743
0.500000	0.900000	0.200000	0.003831
0.500000	0.900000	0.300000	0.003873
0.500000	0.900000	0.400000	0.003847
0.500000	0.900000	0.500000	0.003761
0.500000	0.900000	0.600000	0.003593
0.500000	0.900000	0.700000	0.003281
0.500000	0.900000	0.800000	0.002852
0.500000	0.900000	0.900000	0.002825
0.500000	0.900000	1.000000	0.002825
0.500000	1.000000	0.000000	0.003743
0.500000	1.000000	0.100000	0.003743
0.500000	1.000000	0.200000	0.003831
0.500000	1.000000	0.300000	0.003873
0.500000	1.000000	0.400000	0.003847
0.500000	1.000000	0.500000	0.003761
0.500000	1.000000	0.600000	0.003593
0.500000	1.000000	0.700000	0.003281
0.500000	1.000000	0.800000	0.002852
0.500000	1.000000	0.900000	0.002825
0.500000	1.000000	1.000000	0.002825
0.600000	0.000000	0.000000	0.003717
0.600000	0.000000	0.100000	0.003717
0.600000	0.000000	0.200000	0.003840
0.600000	0.000000	0.300000	0.003875
0.600000	0.000000	0.400000	0.003851
0.600000	0.000000	0.500000	0.003798
0.600000	0.000000	0.600000	0.003710
0.600000	0.000000	0.700000	0.003495
0.600000	0.000000	0.800000	0.003025
0.600000	0.000000	0.900000	0.002576
0.600000	0.000000	1.000000	0.002576
0.600000	0.100000	0.000000	0.003717
0.600000	0.100000	0.100000	0.003717
0.600000	0.100000	0.200000	0.003840
0.600000	0.100000	0.300000	0.003875
0.600000	0.100000	0.400000	0.003851
0.600000	0.100000	0.500000	0.003798
0.600000	0.100000	0.600000	0.003710
0.600000	0.100000	0.700000	0.003495
0.600000	0.100000	0.800000	0.003025
0.600000	0.100000	0.900000	0.002576
0.600000	0.100000	1.000000	0.002576
0.600000	0.200000	0.000000	0.003547
0.600000	0.200000	0.100000	0.003547
0.600000	0.200000	0.200000	0.003907
0.600000	0.200000	0.300000	0.004107
0.600000	0.200000	0.400000	0.004246
0.600000	0.200000	0.500000	0.004409
0.600000	0.200000	0.600000	0.004629
0.600000	0.200000	0.700000	0.004851
0.600000	0.200000	0.800000	0.004748
0.600000	0.200000	0.900000	0.004465
0.600000	0.200000	1.000000	0.004465
0.600000	0.300000	0.000000	0.003488
0.600000	0.300000	0.100000	0.003488
0.600000	0.300000	0.200000	0.003945
0.600000	0.300000	0.300000	0.004288
0.600000	0.300000	0.400000	0.004603
0.600000	0.300000	0.500000	0.005030
0.600000	0.300000	0.600000	0.005737
0.600000	0.300000	0.700000	0.006937
0.600000	0.300000	0.800000	0.008865
0.600000	0.300000	0.900000	0.009133
0.600000	0.300000	1.000000	0.009133
0.600000	0.400000	0.000000	0.003458
0.600000	0.400000	0.100000	0.003458
0.600000	0.400000	0.200000	0.003977
0.600000	0.400000	0.300000	0.004400
0.600000	0.400000	0.400000	0.004833
0.600000	0.400000	0.500000	0.005436
0.600000	0.400000	0.600000	0.006404
0.600000	0.400000	0.700000	0.007766
0.600000	0.400000	0.800000	0.008386
0.600000	0.400000	0.900000	0.005073
0.600000	0.400000	1.000000	0.005073
0.600000	0.500000	0.000000	0.003453
0.600000	0.500000	0.100000	0.003453
0.600000	0.500000	0.200000	0.003992
0.600000	0.500000	0.300000	0.004442
0.600000	0.500000	0.400000	0.004916
0.600000	0.500000	0.500000	0.005586
0.600000	0.500000	0.600000	0.006635
0.600000	0.500000	0.700000	0.007916
0.600000	0.500000	0.800000	0.007801
0.600000	0.500000	0.900000	0.004642
0.600000	0.500000	1.000000	0.004642
0.600000	0.600000	0.000000	0.003468
0.600000	0.600000	0.100000	0.003468
0.600000	0.600000	0.200000	0.003987
0.600000	0.600000	0.300000	0.004408
0.600000	0.600000	0.400000	0.004838
0.600000	0.600000	0.500000	0.005450
0.600000	0.600000	0.600000	0.006453
0.600000	0.600000	0.700000	0.007907
0.600000	0.600000	0.800000	0.008663
0.600000	0.600000	0.900000	0.005458
0.600000	0.600000	1.000000	0.005458
0.600000	0.700000	0.000000	0.003506
0.600000	0.700000	0.100000	0.003506
0.600000	0.700000	0.200000	0.003962
0.600000	0.700000	0.300000	0.004295
0.600000	0.700000	0.400000	0.004597
0.600000	0.700000	0.500000	0.005027
0.600000	0.700000	0.600000	0.005774
0.600000	0.700000	0.700000	0.007139
0.600000	0.700000	0.800000	0.009714
0.600000	0.700000	0.900000	0.010404
0.600000	0.700000	1.000000	0.010404
0.600000	0.800000	0.000000	0.003586
0.600000	0.800000	0.100000	0.003586
0.600000	0.800000	0.200000	0.003928
0.600000	0.800000	0.300000	0.004099
0.600000	0.800000	0.400000	0.004214
0.600000	0.800000	0.500000	0.004345
0.600000	0.800000	0.600000	0.004497
0.600000	0.800000	0.700000	0.004517
0.600000	0.800000	0.800000	0.003842
0.600000	0.800000	0.900000	0.002746
0.600000	0.800000	1.000000	0.002746
0.600000	0.900000	0.000000	0.003753
0.600000	0.900000	0.100000	0.003753
0.600000	0.900000	0.200000	0.003832
0.600000	0.900000	0.300000	0.003860
0.600000	0.900000	0.400000	0.003820
0.600000	0.900000	0.500000	0.003725
0.600000	0.900000	0.600000	0.003563
0.600000	0.900000	0.700000	0.003262
0.600000	0.900000	0.800000	0.002861
0.600000	0.900000	0.900000	0.002926
0.600000	0.900000	1.000000	0.002926
0.600000	1.000000	0.000000	0.003753
0.600000	1.000000	0.100000	0.003753
0.600000	1.000000	0.200000	0.003832
0.600000	1.000000	0.300000	0.003860
0.600000	1.000000	0.400000	0.003820
0.600000	1.000000	0.500000	0.003725
0.600000	1.000000	0.600000	0.003563
0.600000	1.000000	0.700000	0.003262
0.600000	1.000000	0.800000	0.002861
0.600000	1.000000	0.900000	0.002926
0.600000	1.000000	1.000000	0.002926
0.700000	0.000000	0.000000	0.003739
0.700000	0.000000	0.100000	0.003739
0.700000	0.000000	0.200000	0.003831
0.700000	0.000000	0.300000	0.003822
0.700000	0.000000	0.400000	0.003754
0.700000	0.000000	0.500000	0.003672
0.700000	0.000000	0.600000	0.003591
0.700000	0.000000	0.700000	0.003460
0.700000	0.000000	0.800000	0.003177
0.700000	0.000000	0.900000	0.002891
0.700000	0.000000	1.000000	0.002891
0.700000	0.100000	0.000000	0.003739
0.700000	0.100000	0.100000	0.003739
0.700000	0.100000	0.200000	0.003831
0.700000	0.100000	0.300000	0.003822
0.700000	0.100000	0.400000	0.003754
0.700000	0.100000	0.500000	0.003672
0.700000	0.100000	0.600000	0.003591
0.700000	0.100000	0.700000	0.003460
0.700000	0.100000	0.800000	0.003177
0.700000	0.100000	0.900000	0.002891
0.700000	0.100000	1.000000	0.002891
0.700000	0.200000	0.000000	0.003578
0.700000	0.200000	0.100000	0.003578
0.700000	0.200000	0.200000	0.003892
0.700000	0.200000	0.300000	0.004035
0.700000	0.200000	0.400000	0.004103
0.700000	0.200000	0.500000	0.004192
0.700000	0.200000	0.600000	0.004342
0.700000	0.200000	0.700000	0.004563
0.700000	0.200000	0.800000	0.004984
0.700000	0.200000	0.900000	0.005803
0.700000	0.200000	1.000000	0.005803
0.700000	0.300000	0.000000	0.003524
0.700000	0.300000	0.100000	0.003524
0.700000	0.300000	0.200000	0.003924
0.700000	0.300000	0.300000	0.004192
0.700000	0.300000	0.400000	0.004403
0.700000	0.300000	0.500000	0.004692
0.700000	0.300000	0.600000	0.005207
0.700000	0.300000	0.700000	0.006273
0.700000	0.300000	0.800000	0.009941
0.700000	0.300000	0.900000	0.017172
0.700000	0.300000	1.000000	0.017172
0.700000	0.400000	0.000000	0.003496
0.700000	0.400000	0.100000	0.003496
0.700000	0.400000	0.200000	0.003951
0.700000	0.400000	0.300000	0.004287
0.700000	0.400000	0.400000	0.004591
0.700000	0.400000	0.500000	0.005013
0.700000	0.400000	0.600000	0.005728
0.700000	0.400000	0.700000	0.007009
0.700000	0.400000	0.800000	0.009412
0.700000	0.400000	0.900000	0.009742
0.700000	0.400000	1.000000	0.009742
0.700000	0.500000	0.000000	0.003492
0.700000	0.500000	0.100000	0.003492
0.700000	0.500000	0.200000	0.003965
0.700000	0.500000	0.300000	0.004322
0.700000	0.500000	0.400000	0.004658
0.700000	0.500000	0.500000	0.005133
0.700000	0.500000	0.600000	0.005928
0.700000	0.500000	0.700000	0.007223
0.700000	0.500000	0.800000	0.009021
0.700000	0.500000	0.900000	0.008730
0.700000	0.500000	1.000000	0.008730
0.700000	0.600000	0.000000	0.003506
0.700000	0.600000	0.100000	0.003506
0.700000	0.600000	0.200000	0.003962
0.700000	0.600000	0.300000	0.004295
0.700000	0.600000	0.400000	0.004597
0.700000	0.600000	0.500000	0.005027
0.700000	0.600000	0.600000	0.005774
0.700000	0.600000	0.700000	0.007139
0.700000	0.600000	0.800000	0.009714
0.700000	0.600000	0.900000	0.010404
0.700000	0.600000	1.000000	0.010404
0.700000	0.700000	0.000000	0.003541
0.700000	0.700000	0.100000	0.003541
0.700000	0.700000	0.200000	0.003942
0.700000	0.700000	0.300000	0.004201
0.700000	0.700000	0.400000	0.004401
0.700000	0.700000	0.500000	0.004694
0.700000	0.700000	0.600000	0.005248
0.700000	0.700000	0.700000	0.006470
0.700000	0.700000	0.800000	0.011128
0.700000	0.700000	0.900000	0.020350
0.700000	0.700000	1.000000	0.020350
0.700000	0.800000	0.000000	0.003617
0.700000	0.800000	0.100000	0.003617
0.700000	0.800000	0.200000	0.003915
0.700000	0.800000	0.300000	0.004030
0.700000	0.800000	0.400000	0.004077
0.700000	0.800000	0.500000	0.004139
0.700000	0.800000	0.600000	0.004237
0.700000	0.800000	0.700000	0.004287
0.700000	0.800000	0.800000	0.003971
0.700000	0.800000	0.900000	0.003428
0.700000	0.800000	1.000000	0.003428
0.700000	0.900000	0.000000	0.003779
0.700000	0.900000	0.100000	0.003779
0.700000	0.900000	0.200000	0.003828
0.700000	0.900000	0.300000	0.003810
0.700000	0.900000	0.400000	0.003728
0.700000	0.900000	0.500000	0.003609
0.700000	0.900000	0.600000	0.003454
0.700000	0.900000	0.700000	0.003221
0.700000	0.900000	0.800000	0.002924
0.700000	0.900000	0.900000	0.003019
0.700000	0.900000	1.000000	0.003019
0.700000	1.000000	0.000000	0.003779
0.700000	1.000000	0.100000	0.003779
0.700000	1.000000	0.200000	0.003828
0.700000	1.000000	0.300000	0.003810
0.700000	1.000000	0.400000	0.003728
0.700000	1.000000	0.500000	0.003609
0.700000	1.000000	0.600000	0.003454
0.700000	1.000000	0.700000	0.003221
0.700000	1.000000	0.800000	0.002924
0.700000	1.000000	0.900000	0.003019
0.700000	1.000000	1.000000	0.003019
0.800000	0.000000	0.000000	0.003795
0.800000	0.000000	0.100000	0.003795
0.800000	0.000000	0.200000	0.003815
0.800000	0.000000	0.300000	0.003716
0.800000	0.000000	0.400000	0.003578
0.800000	0.000000	0.500000	0.003434
0.800000	0.000000	0.600000	0.003299
0.800000	0.000000	0.700000	0.003166
0.800000	0.000000	0.800000	0.003005
0.800000	0.000000	0.900000	0.002687
0.800000	0.000000	1.000000	0.002687
0.800000	0.100000	0.000000	0.003795
0.800000	0.100000	0.100000	0.003795
0.800000	0.100000	0.200000	0.003815
0.800000	0.100000	0.300000	0.003716
0.800000	0.100000	0.400000	0.003578
0.800000	0.100000	0.500000	0.003434
0.800000	0.100000	0.600000	0.003299
0.800000	0.100000	0.700000	0.003166
0.800000	0.100000	0.800000	0.003005
0.800000	0.100000	0.900000	0.002687
0.800000	0.100000	1.000000	0.002687
0.800000	0.200000	0.000000	0.003644
0.800000	0.200000	0.100000	0.003644
0.800000	0.200000	0.200000	0.003871
0.800000	0.200000	0.300000	0.003899
0.800000	0.200000	0.400000	0.003859
0.800000	0.200000	0.500000	0.003815
0.800000	0.200000	0.600000	0.003781
0.800000	0.200000	0.700000	0.003712
0.800000	0.200000	0.800000	0.003602
0.800000	0.200000	0.900000	0.003486
0.800000	0.200000	1.000000	0.003486
0.800000	0.300000	0.000000	0.003599
0.800000	0.300000	0.100000	0.003599
0.800000	0.300000	0.200000	0.003896
0.800000	0.300000	0.300000	0.004021
0.800000	0.300000	0.400000	0.004079
0.800000	0.300000	0.500000	0.004140
0.800000	0.300000	0.600000	0.004213
0.800000	0.300000	0.700000	0.004191
0.800000	0.300000	0.800000	0.003710
0.800000	0.300000	0.900000	0.002798
0.800000	0.300000	1.000000	0.002798
0.800000	0.400000	0.000000	0.003576
0.800000	0.400000	0.100000	0.003576
0.800000	0.400000	0.200000	0.003918
0.800000	0.400000	0.300000	0.004091
0.800000	0.400000	0.400000	0.004208
0.800000	0.400000	0.500000	0.004335
0.800000	0.400000	0.600000	0.004465
0.800000	0.400000	0.700000	0.004447
0.800000	0.400000	0.800000	0.003751
0.800000	0.400000	0.900000	0.002622
0.800000	0.400000	1.000000	0.002622
0.800000	0.500000	0.000000	0.003574
0.800000	0.500000	0.100000	0.003574
0.800000	0.500000	0.200000	0.003929
0.800000	0.500000	0.300000	0.004117
0.800000	0.500000	0.400000	0.004254
0.800000	0.500000	0.500000	0.004403
0.800000	0.500000	0.600000	0.004555
0.800000	0.500000	0.700000	0.004509
0.800000	0.500000	0.800000	0.003795
0.800000	0.500000	0.900000	0.002606
0.800000	0.500000	1.000000	0.002606
0.800000	0.600000	0.000000	0.003586
0.800000	0.600000	0.100000	0.003586
0.800000	0.600000	0.200000	0.003928
0.800000	0.600000	0.300000	0.004099
0.800000	0.600000	0.400000	0.004214
0.800000	0.600000	0.500000	0.004345
0.800000	0.600000	0.600000	0.004497
0.800000	0.600000	0.700000	0.004517
0.800000	0.600000	0.800000	0.003842
0.800000	0.600000	0.900000	0.002746
0.800000	0.600000	1.000000	0.002746
0.800000	0.700000	0.000000	0.003617
0.800000	0.700000	0.100000	0.003617
0.800000	0.700000	0.200000	0.003915
0.800000	0.700000	0.300000	0.004030
0.800000	0.700000	0.400000	0.004077
0.800000	0.700000	0.500000	0.004139
0.800000	0.700000	0.600000	0.004237
0.800000	0.700000	0.700000	0.004287
0.800000	0.700000	0.800000	0.003971
0.800000	0.700000	0.900000	0.003428
0.800000	0.700000	1.000000	0.003428
0.800000	0.800000	0.000000	0.003681
0.800000	0.800000	0.100000	0.003681
0.800000	0.800000	0.200000	0.003896
0.800000	0.800000	0.300000	0.003898
0.800000	0.800000	0.400000	0.003838
0.800000	0.800000	0.500000	0.003774
0.800000	0.800000	0.600000	0.003707
0.800000	0.800000	0.700000	0.003568
0.800000	0.800000	0.800000	0.003291
0.800000	0.800000	0.900000	0.002834
0.800000	0.800000	1.000000	0.002834
0.800000	0.900000	0.000000	0.003838
0.800000	0.900000	0.100000	0.003838
0.800000	0.900000	0.200000	0.003817
0.800000	0.900000	0.300000	0.003712
0.800000	0.900000	0.400000	0.003561
0.800000	0.900000	0.500000	0.003391
0.800000	0.900000	0.600000	0.003198
0.800000	0.900000	0.700000	0.002980
0.800000	0.900000	0.800000	0.002768
0.800000	0.900000	0.900000	0.002726
0.800000	0.900000	1.000000	0.002726
0.800000	1.000000	0.000000	0.003838
0.800000	1.000000	0.100000	0.003838
0.800000	1.000000	0.200000	0.003817
0.800000	1.000000	0.300000	0.003712
0.800000	1.000000	0.400000	0.003561
0.800000	1.000000	0.500000	0.003391
0.800000	1.000000	0.600000	0.003198
0.800000	1.000000	0.700000	0.002980
0.800000	1.000000	0.800000	0.002768
0.800000	1.000000	0.900000	0.002726
0.800000	1.000000	1.000000	0.002726
0.900000	0.000000	0.000000	0.003917
0.900000	0.000000	0.100000	0.003917
0.900000	0.000000	0.200000	0.003759
0.900000	0.000000	0.300000	0.003556
0.900000	0.000000	0.400000	0.003360
0.900000	0.000000	0.500000	0.003165
0.900000	0.000000	0.600000	0.002982
0.900000	0.000000	0.700000	0.002830
0.900000	0.000000	0.800000	0.002718
0.900000	0.000000	0.900000	0.002596
0.900000	0.000000	1.000000	0.002596
0.900000	0.100000	0.000000	0.003917
0.900000	0.100000	0.100000	0.003917
0.900000	0.100000	0.200000	0.003759
0.900000	0.100000	0.300000	0.003556
0.900000	0.100000	0.400000	0.003360
0.900000	0.100000	0.500000	0.003165
0.900000	0.100000	0.600000	0.002982
0.900000	0.100000	0.700000	0.002830
0.900000	0.100000	0.800000	0.002718
0.900000	0.100000	0.900000	0.002596
0.900000	0.100000	1.000000	0.002596
0.900000	0.200000	0.000000	0.003799
0.900000	0.200000	0.100000	0.003799
0.900000	0.200000	0.200000	0.003791
0.900000	0.200000	0.300000	0.003714
0.900000	0.200000	0.400000	0.003583
0.900000	0.200000	0.500000	0.003431
0.900000	0.200000	0.600000	0.003260
0.900000	0.200000	0.700000	0.003080
0.900000	0.200000	0.800000	0.002911
0.900000	0.200000	0.900000	0.002824
0.900000	0.200000	1.000000	0.002824
0.900000	0.300000	0.000000	0.003762
0.900000	0.300000	0.100000	0.003762
0.900000	0.300000	0.200000	0.003810
0.900000	0.300000	0.300000	0.003806
0.900000	0.300000	0.400000	0.003738
0.900000	0.300000	0.500000	0.003626
0.900000	0.300000	0.600000	0.003462
0.900000	0.300000	0.700000	0.003193
0.900000	0.300000	0.800000	0.002817
0.900000	0.300000	0.900000	0.002897
0.900000	0.300000	1.000000	0.002897
0.900000	0.400000	0.000000	0.003744
0.900000	0.400000	0.100000	0.003744
0.900000	0.400000	0.200000	0.003823
0.900000	0.400000	0.300000	0.003856
0.900000	0.400000	0.400000	0.003822
0.900000	0.400000	0.500000	0.003729
0.900000	0.400000	0.600000	0.003558
0.900000	0.400000	0.700000	0.003241
0.900000	0.400000	0.800000	0.002828
0.900000	0.400000	0.900000	0.002853
0.900000	0.400000	1.000000	0.002853
0.900000	0.500000	0.000000	0.003743
0.900000	0.500000	0.100000	0.003743
0.900000	0.500000	0.200000	0.003831
0.900000	0.500000	0.300000	0.003873
0.900000	0.500000	0.400000	0.003847
0.900000	0.500000	0.500000	0.003761
0.900000	0.500000	0.600000	0.003593
0.900000	0.500000	0.700000	0.003281
0.900000	0.500000	0.800000	0.002852
0.900000	0.500000	0.900000	0.002825
0.900000	0.500000	1.000000	0.002825
0.900000	0.600000	0.000000	0.003753
0.900000	0.600000	0.100000	0.003753
0.900000	0.600000	0.200000	0.003832
0.900000	0.600000	0.300000	0.003860
0.900000	0.600000	0.400000	0.003820
0.900000	0.600000	0.500000	0.003725
0.900000	0.600000	0.600000	0.003563
0.900000	0.600000	0.700000	0.003262
0.900000	0.600000	0.800000	0.002861
0.900000	0.600000	0.900000	0.002926
0.900000	0.600000	1.000000	0.002926
0.900000	0.700000	0.000000	0.003779
0.900000	0.700000	0.100000	0.003779
0.900000	0.700000	0.200000	0.003828
0.900000	0.700000	0.300000	0.003810
0.900000	0.700000	0.400000	0.003728
0.900000	0.700000	0.500000	0.003609
0.900000	0.700000	0.600000	0.003454
0.900000	0.700000	0.700000	0.003221
0.900000	0.700000	0.800000	0.002924
0.900000	0.700000	0.900000	0.003019
0.900000	0.700000	1.000000	0.003019
0.900000	0.800000	0.000000	0.003838
0.900000	0.800000	0.100000	0.003838
0.900000	0.800000	0.200000	0.003817
0.900000	0.800000	0.300000	0.003712
0.900000	0.800000	0.400000	0.003561
0.900000	0.800000	0.500000	0.003391
0.900000	0.800000	0.600000	0.003198
0.900000	0.800000	0.700000	0.002980
0.900000	0.800000	0.800000	0.002768
0.900000	0.800000	0.900000	0.002726
0.900000	0.800000	1.000000	0.002726
0.900000	0.900000	0.000000	0.003940
0.900000	0.900000	0.100000	0.003940
0.900000	0.900000	0.200000	0.003772
0.900000	0.900000	0.300000	0.003559
0.900000	0.900000	0.400000	0.003354
0.900000	0.900000	0.500000	0.003145
0.900000	0.900000	0.600000	0.002931
0.900000	0.900000	0.700000	0.002729
0.900000	0.900000	0.800000	0.002568
0.900000	0.900000	0.900000	0.002572
0.900000	0.900000	1.000000	0.002572
0.900000	1.000000	0.000000	0.003940
0.900000	1.000000	0.100000	0.003940
0.900000	1.000000	0.200000	0.003772
0.900000	1.000000	0.300000	0.003559
0.900000	1.000000	0.400000	0.003354
0.900000	1.000000	0.500000	0.003145
0.900000	1.000000	0.600000	0.002931
0.900000	1.000000	0.700000	0.002729
0.900000	1.000000	0.800000	0.002568
0.900000	1.000000	0.900000	0.002572
0.900000	1.000000	1.000000	0.002572
1.000000	0.000000	0.000000	0.003917
1.000000	0.000000	0.100000	0.003917
1.000000	0.000000	0.200000	0.003759
1.000000	0.000000	0.300000	0.003556
1.000000	0.000000	0.400000	0.003360
1.000000	0.000000	0.500000	0.003165
1.000000	0.000000	0.600000	0.002982
1.000000	0.000000	0.700000	0.002830
1.000000	0.000000	0.800000	0.002718
1.000000	0.000000	0.900000	0.002596
1.000000	0.000000	1.000000	0.002596
1.000000	0.100000	0.000000	0.003917
1.000000	0.100000	0.100000	0.003917
1.000000	0.100000	0.200000	0.003759
1.000000	0.100000	0.300000	0.003556
1.000000	0.100000	0.400000	0.003360
1.000000	0.100000	0.500000	0.003165
1.000000	0.100000	0.600000	0.002982
1.000000	0.100000	0.700000	0.002830
1.000000	0.100000	0.800000	0.002718
1.000000	0.100000	0.900000	0.002596
1.000000	0.100000	1.000000	0.002596
1.000000	0.200000	0.000000	0.003799
1.000000	0.200000	0.100000	0.003799
1.000000	0.200000	0.200000	0.003791
1.000000	0.200000	0.300000	0.003714
1.000000	0.200000	0.400000	0.003583
1.000000	0.200000	0.500000	0.003431
1.000000	0.200000	0.600000	0.003260
1.000000	0.200000	0.700000	0.003080
1.000000	0.200000	0.800000	0.002911
1.000000	0.200000	0.900000	0.002824
1.000000	0.200000	1.000000	0.002824
1.000000	0.300000	0.000000	0.003762
1.000000	0.300000	0.100000	0.003762
1.000000	0.300000	0.200000	0.003810
1.000000	0.300000	0.300000	0.003806
1.000000	0.300000	0.400000	0.003738
1.000000	0.300000	0.500000	0.003626
1.000000	0.300000	0.600000	0.003462
1.000000	0.300000	0.700000	0.003193
1.000000	0.300000	0.800000	0.002817
1.000000	0.300000	0.900000	0.002897
1.000000	0.300000	1.000000	0.002897
1.000000	0.400000	0.000000	0.003744
1.000000	0.400000	0.100000	0.003744
1.000000	0.400000	0.200000	0.003823
1.000000	0.400000	0.300000	0.003856
1.000000	0.400000	0.400000	0.003822
1.000000	0.400000	0.500000	0.003729
1.000000	0.400000	0.600000	0.003558
1.000000	0.400000	0.700000	0.003241
1.000000	0.400000	0.800000	0.002828
1.000000	0.400000	0.900000	0.002853
1.000000	0.400000	1.000000	0.002853
1.000000	0.500000	0.000000	0.003743
1.000000	0.500000	0.100000	0.003743
1.000000	0.500000	0.200000	0.003831
1.000000	0.500000	0.300000	0.003873
1.000000	0.500000	0.400000	0.003847
1.000000	0.500000	0.500000	0.003761
1.000000	0.500000	0.600000	0.003593
1.000000	0.500000	0.700000	0.003281
1.000000	0.500000	0.800000	0.002852
1.000000	0.500000	0.900000	0.002825
1.000000	0.500000	1.000000	0.002825
1.000000	0.600000	0.000000	0.003753
1.000000	0.600000	0.100000	0.003753
1.000000	0.600000	0.200000	0.003832
1.000000	0.600000	0.300000	0.003860
1.000000	0.600000	0.400000	0.003820
1.000000	0.600000	0.500000	0.003725
1.000000	0.600000	0.600000	0.003563
1.000000	0.600000	0.700000	0.003262
1.000000	0.600000	0.800000	0.002861
1.000000	0.600000	0.900000	0.002926
1.000000	0.600000	1.000000	0.002926
1.000000	0.700000	0.000000	0.003779
1.000000	0.700000	0.100000	0.003779
1.000000	0.700000	0.200000	0.003828
1.000000	0.700000	0.300000	0.003810
1.000000	0.700000	0.400000	0.003728
1.000000	0.700000	0.500000	0.003609
1.000000	0.700000	0.600000	0.003454
1.000000	0.700000	0.700000	0.003221
1.000000	0.700000	0.800000	0.002924
1.000000	0.700000	0.900000	0.003019
1.000000	0.700000	1.000000	0.003019
1.000000	0.800000	0.000000	0.003838
1.000000	0.800000	0.100000	0.003838
1.000000	0.800000	0.200000	0.003817
1.000000	0.800000	0.300000	0.003712
1.000000	0.800000	0.400000	0.003561
1.000000	0.800000	0.500000	0.003391
1.000000	0.800000	0.600000	0.003198
1.000000	0.800000	0.700000	0.002980
1.000000	0.800000	0.800000	0.002768
1.000000	0.800000	0.900000	0.002726
1.000000	0.800000	1.000000	0.002726
1.000000	0.900000	0.000000	0.003940
1.000000	0.900000	0.100000	0.003940
1.000000	0.900000	0.200000	0.003772
1.000000	0.900000	0.300000	0.003559
1.000000	0.900000	0.400000	0.003354
1.000000	0.900000	0.500000	0.003145
1.000000	0.900000	0.600000	0.002931
1.000000	0.900000	0.700000	0.002729
1.000000	0.900000	0.800000	0.002568
1.000000	0.900000	0.900000	0.002572
1.000000	0.900000	1.000000	0.002572
1.000000	1.000000	0.000000	0.003940
1.000000	1.000000	0.100000	0.003940
1.000000	1.000000	0.200000	0.003772
1.000000	1.000000	0.300000	0.003559
1.000000	1.000000	0.400000	0.003354
1.000000	1.000000	0.500000	0.003145
1.000000	1.000000	0.600000	0.002931
1.000000	1.000000	0.700000	0.002729
1.000000	1.000000	0.800000	0.002568
1.000000	1.000000	0.900000	0.002572
1.000000	1.000000	1.000000	0.002572
