x	y	z	valeur
0.000000	0.000000	0.000000	0.003409
0.000000	0.000000	0.100000	0.003409
0.000000	0.000000	0.200000	0.003212
0.000000	0.000000	0.300000	0.002635
0.000000	0.000000	0.400000	0.002268
0.000000	0.000000	0.500000	0.001961
0.000000	0.000000	0.600000	0.001735
0.000000	0.000000	0.700000	0.001611
0.000000	0.000000	0.800000	0.001530
0.000000	0.000000	0.900000	0.001166
0.000000	0.000000	1.000000	0.001166
0.000000	0.100000	0.000000	0.003409
0.000000	0.100000	0.100000	0.003409
0.000000	0.100000	0.200000	0.003212
0.000000	0.100000	0.300000	0.002635
0.000000	0.100000	0.400000	0.002268
0.000000	0.100000	0.500000	0.001961
0.000000	0.100000	0.600000	0.001735
0.000000	0.100000	0.700000	0.001611
0.000000	0.100000	0.800000	0.001530
0.000000	0.100000	0.900000	0.001166
0.000000	0.100000	1.000000	0.001166
0.000000	0.200000	0.000000	0.003130
0.000000	0.200000	0.100000	0.003130
0.000000	0.200000	0.200000	0.003212
0.000000	0.200000	0.300000	0.002966
0.000000	0.200000	0.400000	0.002872
0.000000	0.200000	0.500000	0.002438
0.000000	0.200000	0.600000	0.002213
0.000000	0.200000	0.700000	0.001976
0.000000	0.200000	0.800000	0.001713
0.000000	0.200000	0.900000	0.001193
0.000000	0.200000	1.000000	0.001193
0.000000	0.300000	0.000000	0.003218
0.000000	0.300000	0.100000	0.003218
0.000000	0.300000	0.200000	0.003249
0.000000	0.300000	0.300000	0.003163
0.000000	0.300000	0.400000	0.002992
0.000000	0.300000	0.500000	0.002955
0.000000	0.300000	0.600000	0.002560
0.000000	0.300000	0.700000	0.002149
0.000000	0.300000	0.800000	0.001446
0.000000	0.300000	0.900000	0.001527
0.000000	0.300000	1.000000	0.001527
0.000000	0.400000	0.000000	0.003183
0.000000	0.400000	0.100000	0.003183
0.000000	0.400000	0.200000	0.003276
0.000000	0.400000	0.300000	0.003261
0.000000	0.400000	0.400000	0.003157
0.000000	0.400000	0.500000	0.003094
0.000000	0.400000	0.600000	0.002746
0.000000	0.400000	0.700000	0.002181
0.000000	0.400000	0.800000	0.001308
0.000000	0.400000	0.900000	0.001190
0.000000	0.400000	1.000000	0.001190
0.000000	0.500000	0.000000	0.003179
0.000000	0.500000	0.100000	0.003179
0.000000	0.500000	0.200000	0.003287
0.000000	0.500000	0.300000	0.003293
0.000000	0.500000	0.400000	0.003208
0.000000	0.500000	0.500000	0.003138
0.000000	0.500000	0.600000	0.002815
0.000000	0.500000	0.700000	0.002208
0.000000	0.500000	0.800000	0.001275
0.000000	0.500000	0.900000	0.001120
0.000000	0.500000	1.000000	0.001120
0.000000	0.600000	0.000000	0.003193
0.000000	0.600000	0.100000	0.003193
0.000000	0.600000	0.200000	0.003285
0.000000	0.600000	0.300000	0.003263
0.000000	0.600000	0.400000	0.003149
0.000000	0.600000	0.500000	0.003099
0.000000	0.600000	0.600000	0.002776
0.000000	0.600000	0.700000	0.002251
0.000000	0.600000	0.800000	0.001379
0.000000	0.600000	0.900000	0.001235
0.000000	0.600000	1.000000	0.001235
0.000000	0.700000	0.000000	0.003232
0.000000	0.700000	0.100000	0.003232
0.000000	0.700000	0.200000	0.003264
0.000000	0.700000	0.300000	0.003155
0.000000	0.700000	0.400000	0.003012
0.000000	0.700000	0.500000	0.002985
0.000000	0.700000	0.600000	0.002560
0.000000	0.700000	0.700000	0.002217
0.000000	0.700000	0.800000	0.001578
0.000000	0.700000	0.900000	0.001627
0.000000	0.700000	1.000000	0.001627
0.000000	0.800000	0.000000	0.003335
0.000000	0.800000	0.100000	0.003335
0.000000	0.800000	0.200000	0.003234
0.000000	0.800000	0.300000	0.002986
0.000000	0.800000	0.400000	0.002893
0.000000	0.800000	0.500000	0.002346
0.000000	0.800000	0.600000	0.002102
0.000000	0.800000	0.700000	0.001847
0.000000	0.800000	0.800000	0.001575
0.000000	0.800000	0.900000	0.001160
0.000000	0.800000	1.000000	0.001160
0.000000	0.900000	0.000000	0.003634
0.000000	0.900000	0.100000	0.003634
0.000000	0.900000	0.200000	0.003270
0.000000	0.900000	0.300000	0.002765
0.000000	0.900000	0.400000	0.002223
0.000000	0.900000	0.500000	0.001879
0.000000	0.900000	0.600000	0.001589
0.000000	0.900000	0.700000	0.001379
0.000000	0.900000	0.800000	0.001281
0.000000	0.900000	0.900000	0.001123
0.000000	0.900000	1.000000	0.001123
0.000000	1.000000	0.000000	0.003634
0.000000	1.000000	0.100000	0.003634
0.000000	1.000000	0.200000	0.003270
0.000000	1.000000	0.300000	0.002765
0.000000	1.000000	0.400000	0.002223
0.000000	1.000000	0.500000	0.001879
0.000000	1.000000	0.600000	0.001589
0.000000	1.000000	0.700000	0.001379
0.000000	1.000000	0.800000	0.001281
0.000000	1.000000	0.900000	0.001123
0.000000	1.000000	1.000000	0.001123
0.100000	0.000000	0.000000	0.003409
0.100000	0.000000	0.100000	0.003409
0.100000	0.000000	0.200000	0.003212
0.100000	0.000000	0.300000	0.002635
0.100000	0.000000	0.400000	0.002268
0.100000	0.000000	0.500000	0.001961
0.100000	0.000000	0.600000	0.001735
0.100000	0.000000	0.700000	0.001611
0.100000	0.000000	0.800000	0.001530
0.100000	0.000000	0.900000	0.001166
0.100000	0.000000	1.000000	0.001166
0.100000	0.100000	0.000000	0.003409
0.100000	0.100000	0.100000	0.003409
0.100000	0.100000	0.200000	0.003212
0.100000	0.100000	0.300000	0.002635
0.100000	0.100000	0.400000	0.002268
0.100000	0.100000	0.500000	0.001961
0.100000	0.100000	0.600000	0.001735
0.100000	0.100000	0.700000	0.001611
0.100000	0.100000	0.800000	0.001530
0.100000	0.100000	0.900000	0.001166
0.100000	0.100000	1.000000	0.001166
0.100000	0.200000	0.000000	0.003130
0.100000	0.200000	0.100000	0.003130
0.100000	0.200000	0.200000	0.003212
0.100000	0.200000	0.300000	0.002966
0.100000	0.200000	0.400000	0.002872
0.100000	0.200000	0.500000	0.002438
0.100000	0.200000	0.600000	0.002213
0.100000	0.200000	0.700000	0.001976
0.100000	0.200000	0.800000	0.001713
0.100000	0.200000	0.900000	0.001193
0.100000	0.200000	1.000000	0.001193
0.100000	0.300000	0.000000	0.003218
0.100000	0.300000	0.100000	0.003218
0.100000	0.300000	0.200000	0.003249
0.100000	0.300000	0.300000	0.003163
0.100000	0.300000	0.400000	0.002992
0.100000	0.300000	0.500000	0.002955
0.100000	0.300000	0.600000	0.002560
0.100000	0.300000	0.700000	0.002149
0.100000	0.300000	0.800000	0.001446
0.100000	0.300000	0.900000	0.001527
0.100000	0.300000	1.000000	0.001527
0.100000	0.400000	0.000000	0.003183
0.100000	0.400000	0.100000	0.003183
0.100000	0.400000	0.200000	0.003276
0.100000	0.400000	0.300000	0.003261
0.100000	0.400000	0.400000	0.003157
0.100000	0.400000	0.500000	0.003094
0.100000	0.400000	0.600000	0.002746
0.100000	0.400000	0.700000	0.002181
0.100000	0.400000	0.800000	0.001308
0.100000	0.400000	0.900000	0.001190
0.100000	0.400000	1.000000	0.001190
0.100000	0.500000	0.000000	0.003179
0.100000	0.500000	0.100000	0.003179
0.100000	0.500000	0.200000	0.003287
0.100000	0.500000	0.300000	0.003293
0.100000	0.500000	0.400000	0.003208
0.100000	0.500000	0.500000	0.003138
0.100000	0.500000	0.600000	0.002815
0.100000	0.500000	0.700000	0.002208
0.100000	0.500000	0.800000	0.001275
0.100000	0.500000	0.900000	0.001120
0.100000	0.500000	1.000000	0.001120
0.100000	0.600000	0.000000	0.003193
0.100000	0.600000	0.100000	0.003193
0.100000	0.600000	0.200000	0.003285
0.100000	0.600000	0.300000	0.003263
0.100000	0.600000	0.400000	0.003149
0.100000	0.600000	0.500000	0.003099
0.100000	0.600000	0.600000	0.002776
0.100000	0.600000	0.700000	0.002251
0.100000	0.600000	0.800000	0.001379
0.100000	0.600000	0.900000	0.001235
0.100000	0.600000	1.000000	0.001235
0.100000	0.700000	0.000000	0.003232
0.100000	0.700000	0.100000	0.003232
0.100000	0.700000	0.200000	0.003264
0.100000	0.700000	0.300000	0.003155
0.100000	0.700000	0.400000	0.003012
0.100000	0.700000	0.500000	0.002985
0.100000	0.700000	0.600000	0.002560
0.100000	0.700000	0.700000	0.002217
0.100000	0.700000	0.800000	0.001578
0.100000	0.700000	0.900000	0.001627
0.100000	0.700000	1.000000	0.001627
0.100000	0.800000	0.000000	0.003335
0.100000	0.800000	0.100000	0.003335
0.100000	0.800000	0.200000	0.003234
0.100000	0.800000	0.300000	0.002986
0.100000	0.800000	0.400000	0.002893
0.100000	0.800000	0.500000	0.002346
0.100000	0.800000	0.600000	0.002102
0.100000	0.800000	0.700000	0.001847
0.100000	0.800000	0.800000	0.001575
0.100000	0.800000	0.900000	0.001160
0.100000	0.800000	1.000000	0.001160
0.100000	0.900000	0.000000	0.003634
0.100000	0.900000	0.100000	0.003634
0.100000	0.900000	0.200000	0.003270
0.100000	0.900000	0.300000	0.002765
0.100000	0.900000	0.400000	0.002223
0.100000	0.900000	0.500000	0.001879
0.100000	0.900000	0.600000	0.001589
0.100000	0.900000	0.700000	0.001379
0.100000	0.900000	0.800000	0.001281
0.100000	0.900000	0.900000	0.001123
0.100000	0.900000	1.000000	0.001123
0.100000	1.000000	0.000000	0.003634
0.100000	1.000000	0.100000	0.003634
0.100000	1.000000	0.200000	0.003270
0.100000	1.000000	0.300000	0.002765
0.100000	1.000000	0.400000	0.002223
0.100000	1.000000	0.500000	0.001879
0.100000	1.000000	0.600000	0.001589
0.100000	1.000000	0.700000	0.001379
0.100000	1.000000	0.800000	0.001281
0.100000	1.000000	0.900000	0.001123
0.100000	1.000000	1.000000	0.001123
0.200000	0.000000	0.000000	0.003296
0.200000	0.000000	0.100000	0.003296
0.200000	0.000000	0.200000	0.003209
0.200000	0.000000	0.300000	0.002963
0.200000	0.000000	0.400000	0.002870
0.200000	0.000000	0.500000	0.002437
0.200000	0.000000	0.600000	0.002212
0.200000	0.000000	0.700000	0.001976
0.200000	0.000000	0.800000	0.001713
0.200000	0.000000	0.900000	0.001194
0.200000	0.000000	1.000000	0.001194
0.200000	0.100000	0.000000	0.003296
0.200000	0.100000	0.100000	0.003296
0.200000	0.100000	0.200000	0.003209
0.200000	0.100000	0.300000	0.002963
0.200000	0.100000	0.400000	0.002870
0.200000	0.100000	0.500000	0.002437
0.200000	0.100000	0.600000	0.002212
0.200000	0.100000	0.700000	0.001976
0.200000	0.100000	0.800000	0.001713
0.200000	0.100000	0.900000	0.001194
0.200000	0.100000	1.000000	0.001194
0.200000	0.200000	0.000000	0.002982
0.200000	0.200000	0.100000	0.002982
0.200000	0.200000	0.200000	0.003361
0.200000	0.200000	0.300000	0.003356
0.200000	0.200000	0.400000	0.003266
0.200000	0.200000	0.500000	0.003211
0.200000	0.200000	0.600000	0.003173
0.200000	0.200000	0.700000	0.002979
0.200000	0.200000	0.800000	0.002546
0.200000	0.200000	0.900000	0.003003
0.200000	0.200000	1.000000	0.003003
0.200000	0.300000	0.000000	0.002887
0.200000	0.300000	0.100000	0.002887
0.200000	0.300000	0.200000	0.003404
0.200000	0.300000	0.300000	0.003624
0.200000	0.300000	0.400000	0.003742
0.200000	0.300000	0.500000	0.003915
0.200000	0.300000	0.600000	0.004144
0.200000	0.300000	0.700000	0.004258
0.200000	0.300000	0.800000	0.003829
0.200000	0.300000	0.900000	0.002114
0.200000	0.300000	1.000000	0.002114
0.200000	0.400000	0.000000	0.002844
0.200000	0.400000	0.100000	0.002844
0.200000	0.400000	0.200000	0.003441
0.200000	0.400000	0.300000	0.003770
0.200000	0.400000	0.400000	0.004033
0.200000	0.400000	0.500000	0.004389
0.200000	0.400000	0.600000	0.004852
0.200000	0.400000	0.700000	0.005110
0.200000	0.400000	0.800000	0.004015
0.200000	0.400000	0.900000	0.001957
0.200000	0.400000	1.000000	0.001957
0.200000	0.500000	0.000000	0.002836
0.200000	0.500000	0.100000	0.002836
0.200000	0.500000	0.200000	0.003458
0.200000	0.500000	0.300000	0.003823
0.200000	0.500000	0.400000	0.004136
0.200000	0.500000	0.500000	0.004571
0.200000	0.500000	0.600000	0.005150
0.200000	0.500000	0.700000	0.005374
0.200000	0.500000	0.800000	0.004046
0.200000	0.500000	0.900000	0.001783
0.200000	0.500000	1.000000	0.001783
0.200000	0.600000	0.000000	0.002854
0.200000	0.600000	0.100000	0.002854
0.200000	0.600000	0.200000	0.003455
0.200000	0.600000	0.300000	0.003779
0.200000	0.600000	0.400000	0.004039
0.200000	0.600000	0.500000	0.004414
0.200000	0.600000	0.600000	0.004947
0.200000	0.600000	0.700000	0.005333
0.200000	0.600000	0.800000	0.004151
0.200000	0.600000	0.900000	0.002069
0.200000	0.600000	1.000000	0.002069
0.200000	0.700000	0.000000	0.002902
0.200000	0.700000	0.100000	0.002902
0.200000	0.700000	0.200000	0.003425
0.200000	0.700000	0.300000	0.003625
0.200000	0.700000	0.400000	0.003719
0.200000	0.700000	0.500000	0.003898
0.200000	0.700000	0.600000	0.004215
0.200000	0.700000	0.700000	0.004445
0.200000	0.700000	0.800000	0.004169
0.200000	0.700000	0.900000	0.002684
0.200000	0.700000	1.000000	0.002684
0.200000	0.800000	0.000000	0.003017
0.200000	0.800000	0.100000	0.003017
0.200000	0.800000	0.200000	0.003382
0.200000	0.800000	0.300000	0.003328
0.200000	0.800000	0.400000	0.003246
0.200000	0.800000	0.500000	0.003240
0.200000	0.800000	0.600000	0.003195
0.200000	0.800000	0.700000	0.002961
0.200000	0.800000	0.800000	0.002427
0.200000	0.800000	0.900000	0.002498
0.200000	0.800000	1.000000	0.002498
0.200000	0.900000	0.000000	0.003346
0.200000	0.900000	0.100000	0.003346
0.200000	0.900000	0.200000	0.003196
0.200000	0.900000	0.300000	0.002992
0.200000	0.900000	0.400000	0.002813
0.200000	0.900000	0.500000	0.002500
0.200000	0.900000	0.600000	0.001997
0.200000	0.900000	0.700000	0.001648
0.200000	0.900000	0.800000	0.001365
0.200000	0.900000	0.900000	0.001262
0.200000	0.900000	1.000000	0.001262
0.200000	1.000000	0.000000	0.003346
0.200000	1.000000	0.100000	0.003346
0.200000	1.000000	0.200000	0.003196
0.200000	1.000000	0.300000	0.002992
0.200000	1.000000	0.400000	0.002813
0.200000	1.000000	0.500000	0.002500
0.200000	1.000000	0.600000	0.001997
0.200000	1.000000	0.700000	0.001648
0.200000	1.000000	0.800000	0.001365
0.200000	1.000000	0.900000	0.001262
0.200000	1.000000	1.000000	0.001262
0.300000	0.000000	0.000000	0.003213
0.300000	0.000000	0.100000	0.003213
0.300000	0.000000	0.200000	0.003246
0.300000	0.000000	0.300000	0.003161
0.300000	0.000000	0.400000	0.002990
0.300000	0.000000	0.500000	0.002953
0.300000	0.000000	0.600000	0.002559
0.300000	0.000000	0.700000	0.002148
0.300000	0.000000	0.800000	0.001446
0.300000	0.000000	0.900000	0.001528
0.300000	0.000000	1.000000	0.001528
0.300000	0.100000	0.000000	0.003213
0.300000	0.100000	0.100000	0.003213
0.300000	0.100000	0.200000	0.003246
0.300000	0.100000	0.300000	0.003161
0.300000	0.100000	0.400000	0.002990
0.300000	0.100000	0.500000	0.002953
0.300000	0.100000	0.600000	0.002559
0.300000	0.100000	0.700000	0.002148
0.300000	0.100000	0.800000	0.001446
0.300000	0.100000	0.900000	0.001528
0.300000	0.100000	1.000000	0.001528
0.300000	0.200000	0.000000	0.002886
0.300000	0.200000	0.100000	0.002886
0.300000	0.200000	0.200000	0.003403
0.300000	0.200000	0.300000	0.003622
0.300000	0.200000	0.400000	0.003740
0.300000	0.200000	0.500000	0.003914
0.300000	0.200000	0.600000	0.004143
0.300000	0.200000	0.700000	0.004258
0.300000	0.200000	0.800000	0.003830
0.300000	0.200000	0.900000	0.002115
0.300000	0.200000	1.000000	0.002115
0.300000	0.300000	0.000000	0.002787
0.300000	0.300000	0.100000	0.002787
0.300000	0.300000	0.200000	0.003457
0.300000	0.300000	0.300000	0.003964
0.300000	0.300000	0.400000	0.004417
0.300000	0.300000	0.500000	0.005079
0.300000	0.300000	0.600000	0.006238
0.300000	0.300000	0.700000	0.008382
0.300000	0.300000	0.800000	0.022275
0.300000	0.300000	0.900000	0.565235
0.300000	0.300000	1.000000	0.565235
0.300000	0.400000	0.000000	0.002741
0.300000	0.400000	0.100000	0.002741
0.300000	0.400000	0.200000	0.003504
0.300000	0.400000	0.300000	0.004165
0.300000	0.400000	0.400000	0.004861
0.300000	0.400000	0.500000	0.005940
0.300000	0.400000	0.600000	0.007979
0.300000	0.400000	0.700000	0.012283
0.300000	0.400000	0.800000	0.029500
0.300000	0.400000	0.900000	0.068528
0.300000	0.400000	1.000000	0.068528
0.300000	0.500000	0.000000	0.002733
0.300000	0.500000	0.100000	0.002733
0.300000	0.500000	0.200000	0.003525
0.300000	0.500000	0.300000	0.004238
0.300000	0.500000	0.400000	0.005022
0.300000	0.500000	0.500000	0.006284
0.300000	0.500000	0.600000	0.008756
0.300000	0.500000	0.700000	0.014073
0.300000	0.500000	0.800000	0.023390
0.300000	0.500000	0.900000	0.031330
0.300000	0.500000	1.000000	0.031330
0.300000	0.600000	0.000000	0.002751
0.300000	0.600000	0.100000	0.002751
0.300000	0.600000	0.200000	0.003519
0.300000	0.600000	0.300000	0.004176
0.300000	0.600000	0.400000	0.004871
0.300000	0.600000	0.500000	0.005987
0.300000	0.600000	0.600000	0.008126
0.300000	0.600000	0.700000	0.013009
0.300000	0.600000	0.800000	0.031903
0.300000	0.600000	0.900000	0.070547
0.300000	0.600000	1.000000	0.070547
0.300000	0.700000	0.000000	0.002805
0.300000	0.700000	0.100000	0.002805
0.300000	0.700000	0.200000	0.003481
0.300000	0.700000	0.300000	0.003967
0.300000	0.700000	0.400000	0.004392
0.300000	0.700000	0.500000	0.005061
0.300000	0.700000	0.600000	0.006356
0.300000	0.700000	0.700000	0.008838
0.300000	0.700000	0.800000	0.025776
0.300000	0.700000	0.900000	0.606311
0.300000	0.700000	1.000000	0.606311
0.300000	0.800000	0.000000	0.002925
0.300000	0.800000	0.100000	0.002925
0.300000	0.800000	0.200000	0.003427
0.300000	0.800000	0.300000	0.003589
0.300000	0.800000	0.400000	0.003713
0.300000	0.800000	0.500000	0.003855
0.300000	0.800000	0.600000	0.004028
0.300000	0.800000	0.700000	0.004126
0.300000	0.800000	0.800000	0.003172
0.300000	0.800000	0.900000	0.001384
0.300000	0.800000	1.000000	0.001384
0.300000	0.900000	0.000000	0.003260
0.300000	0.900000	0.100000	0.003260
0.300000	0.900000	0.200000	0.003233
0.300000	0.900000	0.300000	0.003162
0.300000	0.900000	0.400000	0.003069
0.300000	0.900000	0.500000	0.002720
0.300000	0.900000	0.600000	0.002400
0.300000	0.900000	0.700000	0.002172
0.300000	0.900000	0.800000	0.001195
0.300000	0.900000	0.900000	0.001318
0.300000	0.900000	1.000000	0.001318
0.300000	1.000000	0.000000	0.003260
0.300000	1.000000	0.100000	0.003260
0.300000	1.000000	0.200000	0.003233
0.300000	1.000000	0.300000	0.003162
0.300000	1.000000	0.400000	0.003069
0.300000	1.000000	0.500000	0.002720
0.300000	1.000000	0.600000	0.002400
0.300000	1.000000	0.700000	0.002172
0.300000	1.000000	0.800000	0.001195
0.300000	1.000000	0.900000	0.001318
0.300000	1.000000	1.000000	0.001318
0.400000	0.000000	0.000000	0.003179
0.400000	0.000000	0.100000	0.003179
0.400000	0.000000	0.200000	0.003272
0.400000	0.000000	0.300000	0.003259
0.400000	0.000000	0.400000	0.003154
0.400000	0.000000	0.500000	0.003093
0.400000	0.000000	0.600000	0.002745
0.400000	0.000000	0.700000	0.002179
0.400000	0.000000	0.800000	0.001308
0.400000	0.000000	0.900000	0.001192
0.400000	0.000000	1.000000	0.001192
0.400000	0.100000	0.000000	0.003179
0.400000	0.100000	0.100000	0.003179
0.400000	0.100000	0.200000	0.003272
0.400000	0.100000	0.300000	0.003259
0.400000	0.100000	0.400000	0.003154
0.400000	0.100000	0.500000	0.003093
0.400000	0.100000	0.600000	0.002745
0.400000	0.100000	0.700000	0.002179
0.400000	0.100000	0.800000	0.001308
0.400000	0.100000	0.900000	0.001192
0.400000	0.100000	1.000000	0.001192
0.400000	0.200000	0.000000	0.002842
0.400000	0.200000	0.100000	0.002842
0.400000	0.200000	0.200000	0.003439
0.400000	0.200000	0.300000	0.003768
0.400000	0.200000	0.400000	0.004031
0.400000	0.200000	0.500000	0.004387
0.400000	0.200000	0.600000	0.004850
0.400000	0.200000	0.700000	0.005108
0.400000	0.200000	0.800000	0.004019
0.400000	0.200000	0.900000	0.001960
0.400000	0.200000	1.000000	0.001960
0.400000	0.300000	0.000000	0.002740
0.400000	0.300000	0.100000	0.002740
0.400000	0.300000	0.200000	0.003503
0.400000	0.300000	0.300000	0.004164
0.400000	0.300000	0.400000	0.004859
0.400000	0.300000	0.500000	0.005937
0.400000	0.300000	0.600000	0.007974
0.400000	0.300000	0.700000	0.012288
0.400000	0.300000	0.800000	0.029565
0.400000	0.300000	0.900000	0.068887
0.400000	0.300000	1.000000	0.068887
0.400000	0.400000	0.000000	0.002693
0.400000	0.400000	0.100000	0.002693
0.400000	0.400000	0.200000	0.003558
0.400000	0.400000	0.300000	0.004401
0.400000	0.400000	0.400000	0.005422
0.400000	0.400000	0.500000	0.007142
0.400000	0.400000	0.600000	0.010820
0.400000	0.400000	0.700000	0.019474
0.400000	0.400000	0.800000	0.035894
0.400000	0.400000	0.900000	0.007681
0.400000	0.400000	1.000000	0.007681
0.400000	0.500000	0.000000	0.002685
0.400000	0.500000	0.100000	0.002685
0.400000	0.500000	0.200000	0.003583
0.400000	0.500000	0.300000	0.004489
0.400000	0.500000	0.400000	0.005630
0.400000	0.500000	0.500000	0.007633
0.400000	0.500000	0.600000	0.012100
0.400000	0.500000	0.700000	0.022250
0.400000	0.500000	0.800000	0.025420
0.400000	0.500000	0.900000	0.007725
0.400000	0.500000	1.000000	0.007725
0.400000	0.600000	0.000000	0.002704
0.400000	0.600000	0.100000	0.002704
0.400000	0.600000	0.200000	0.003574
0.400000	0.600000	0.300000	0.004413
0.400000	0.600000	0.400000	0.005434
0.400000	0.600000	0.500000	0.007198
0.400000	0.600000	0.600000	0.011021
0.400000	0.600000	0.700000	0.020588
0.400000	0.600000	0.800000	0.038538
0.400000	0.600000	0.900000	0.007897
0.400000	0.600000	1.000000	0.007897
0.400000	0.700000	0.000000	0.002760
0.400000	0.700000	0.100000	0.002760
0.400000	0.700000	0.200000	0.003527
0.400000	0.700000	0.300000	0.004165
0.400000	0.700000	0.400000	0.004830
0.400000	0.700000	0.500000	0.005966
0.400000	0.700000	0.600000	0.008153
0.400000	0.700000	0.700000	0.012928
0.400000	0.700000	0.800000	0.034004
0.400000	0.700000	0.900000	0.075076
0.400000	0.700000	1.000000	0.075076
0.400000	0.800000	0.000000	0.002886
0.400000	0.800000	0.100000	0.002886
0.400000	0.800000	0.200000	0.003463
0.400000	0.800000	0.300000	0.003729
0.400000	0.800000	0.400000	0.003928
0.400000	0.800000	0.500000	0.004306
0.400000	0.800000	0.600000	0.004678
0.400000	0.800000	0.700000	0.004888
0.400000	0.800000	0.800000	0.003369
0.400000	0.800000	0.900000	0.001295
0.400000	0.800000	1.000000	0.001295
0.400000	0.900000	0.000000	0.003227
0.400000	0.900000	0.100000	0.003227
0.400000	0.900000	0.200000	0.003255
0.400000	0.900000	0.300000	0.003222
0.400000	0.900000	0.400000	0.003186
0.400000	0.900000	0.500000	0.003059
0.400000	0.900000	0.600000	0.002545
0.400000	0.900000	0.700000	0.002238
0.400000	0.900000	0.800000	0.001135
0.400000	0.900000	0.900000	0.001291
0.400000	0.900000	1.000000	0.001291
0.400000	1.000000	0.000000	0.003227
0.400000	1.000000	0.100000	0.003227
0.400000	1.000000	0.200000	0.003255
0.400000	1.000000	0.300000	0.003222
0.400000	1.000000	0.400000	0.003186
0.400000	1.000000	0.500000	0.003059
0.400000	1.000000	0.600000	0.002545
0.400000	1.000000	0.700000	0.002238
0.400000	1.000000	0.800000	0.001135
0.400000	1.000000	0.900000	0.001291
0.400000	1.000000	1.000000	0.001291
0.500000	0.000000	0.000000	0.003176
0.500000	0.000000	0.100000	0.003176
0.500000	0.000000	0.200000	0.003283
0.500000	0.000000	0.300000	0.003290
0.500000	0.000000	0.400000	0.003205
0.500000	0.000000	0.500000	0.003138
0.500000	0.000000	0.600000	0.002814
0.500000	0.000000	0.700000	0.002207
0.500000	0.000000	0.800000	0.001275
0.500000	0.000000	0.900000	0.001123
0.500000	0.000000	1.000000	0.001123
0.500000	0.100000	0.000000	0.003176
0.500000	0.100000	0.100000	0.003176
0.500000	0.100000	0.200000	0.003283
0.500000	0.100000	0.300000	0.003290
0.500000	0.100000	0.400000	0.003205
0.500000	0.100000	0.500000	0.003138
0.500000	0.100000	0.600000	0.002814
0.500000	0.100000	0.700000	0.002207
0.500000	0.100000	0.800000	0.001275
0.500000	0.100000	0.900000	0.001123
0.500000	0.100000	1.000000	0.001123
0.500000	0.200000	0.000000	0.002835
0.500000	0.200000	0.100000	0.002835
0.500000	0.200000	0.200000	0.003456
0.500000	0.200000	0.300000	0.003821
0.500000	0.200000	0.400000	0.004133
0.500000	0.200000	0.500000	0.004568
0.500000	0.200000	0.600000	0.005144
0.500000	0.200000	0.700000	0.005369
0.500000	0.200000	0.800000	0.004040
0.500000	0.200000	0.900000	0.001787
0.500000	0.200000	1.000000	0.001787
0.500000	0.300000	0.000000	0.002732
0.500000	0.300000	0.100000	0.002732
0.500000	0.300000	0.200000	0.003524
0.500000	0.300000	0.300000	0.004237
0.500000	0.300000	0.400000	0.005021
0.500000	0.300000	0.500000	0.006280
0.500000	0.300000	0.600000	0.008740
0.500000	0.300000	0.700000	0.014040
0.500000	0.300000	0.800000	0.023542
0.500000	0.300000	0.900000	0.031635
0.500000	0.300000	1.000000	0.031635
0.500000	0.400000	0.000000	0.002685
0.500000	0.400000	0.100000	0.002685
0.500000	0.400000	0.200000	0.003582
0.500000	0.400000	0.300000	0.004488
0.500000	0.400000	0.400000	0.005629
0.500000	0.400000	0.500000	0.007630
0.500000	0.400000	0.600000	0.012081
0.500000	0.400000	0.700000	0.022213
0.500000	0.400000	0.800000	0.025591
0.500000	0.400000	0.900000	0.007793
0.500000	0.400000	1.000000	0.007793
0.500000	0.500000	0.000000	0.002677
0.500000	0.500000	0.100000	0.002677
0.500000	0.500000	0.200000	0.003609
0.500000	0.500000	0.300000	0.004582
0.500000	0.500000	0.400000	0.005857
0.500000	0.500000	0.500000	0.008194
0.500000	0.500000	0.600000	0.013569
0.500000	0.500000	0.700000	0.025405
0.500000	0.500000	0.800000	0.020857
0.500000	0.500000	0.900000	0.007126
0.500000	0.500000	1.000000	0.007126
0.500000	0.600000	0.000000	0.002696
0.500000	0.600000	0.100000	0.002696
0.500000	0.600000	0.200000	0.003599
0.500000	0.600000	0.300000	0.004501
0.500000	0.600000	0.400000	0.005645
0.500000	0.600000	0.500000	0.007701
0.500000	0.600000	0.600000	0.012342
0.500000	0.600000	0.700000	0.023305
0.500000	0.600000	0.800000	0.026127
0.500000	0.600000	0.900000	0.008473
0.500000	0.600000	1.000000	0.008473
0.500000	0.700000	0.000000	0.002753
0.500000	0.700000	0.100000	0.002753
0.500000	0.700000	0.200000	0.003549
0.500000	0.700000	0.300000	0.004237
0.500000	0.700000	0.400000	0.004991
0.500000	0.700000	0.500000	0.006318
0.500000	0.700000	0.600000	0.008963
0.500000	0.700000	0.700000	0.014669
0.500000	0.700000	0.800000	0.026030
0.500000	0.700000	0.900000	0.035912
0.500000	0.700000	1.000000	0.035912
0.500000	0.800000	0.000000	0.002881
0.500000	0.800000	0.100000	0.002881
0.500000	0.800000	0.200000	0.003481
0.500000	0.800000	0.300000	0.003780
0.500000	0.800000	0.400000	0.004025
0.500000	0.800000	0.500000	0.004478
0.500000	0.800000	0.600000	0.004947
0.500000	0.800000	0.700000	0.005114
0.500000	0.800000	0.800000	0.003354
0.500000	0.800000	0.900000	0.001151
0.500000	0.800000	1.000000	0.001151
0.500000	0.900000	0.000000	0.003223
0.500000	0.900000	0.100000	0.003223
0.500000	0.900000	0.200000	0.003266
0.500000	0.900000	0.300000	0.003250
0.500000	0.900000	0.400000	0.003235
0.500000	0.900000	0.500000	0.003110
0.500000	0.900000	0.600000	0.002593
0.500000	0.900000	0.700000	0.002290
0.500000	0.900000	0.800000	0.001136
0.500000	0.900000	0.900000	0.001262
0.500000	0.900000	1.000000	0.001262
0.500000	1.000000	0.000000	0.003223
0.500000	1.000000	0.100000	0.003223
0.500000	1.000000	0.200000	0.003266
0.500000	1.000000	0.300000	0.003250
0.500000	1.000000	0.400000	0.003235
0.500000	1.000000	0.500000	0.003110
0.500000	1.000000	0.600000	0.002593
0.500000	1.000000	0.700000	0.002290
0.500000	1.000000	0.800000	0.001136
0.500000	1.000000	0.900000	0.001262
0.500000	1.000000	1.000000	0.001262
0.600000	0.000000	0.000000	0.003188
0.600000	0.000000	0.100000	0.003188
0.600000	0.000000	0.200000	0.003281
0.600000	0.000000	0.300000	0.003261
0.600000	0.000000	0.400000	0.003147
0.600000	0.000000	0.500000	0.003100
0.600000	0.000000	0.600000	0.002776
0.600000	0.000000	0.700000	0.002252
0.600000	0.000000	0.800000	0.001379
0.600000	0.000000	0.900000	0.001242
0.600000	0.000000	1.000000	0.001242
0.600000	0.100000	0.000000	0.003188
0.600000	0.100000	0.100000	0.003188
0.600000	0.100000	0.200000	0.003281
0.600000	0.100000	0.300000	0.003261
0.600000	0.100000	0.400000	0.003147
0.600000	0.100000	0.500000	0.003100
0.600000	0.100000	0.600000	0.002776
0.600000	0.100000	0.700000	0.002252
0.600000	0.100000	0.800000	0.001379
0.600000	0.100000	0.900000	0.001242
0.600000	0.100000	1.000000	0.001242
0.600000	0.200000	0.000000	0.002852
0.600000	0.200000	0.100000	0.002852
0.600000	0.200000	0.200000	0.003452
0.600000	0.200000	0.300000	0.003777
0.600000	0.200000	0.400000	0.004038
0.600000	0.200000	0.500000	0.004412
0.600000	0.200000	0.600000	0.004932
0.600000	0.200000	0.700000	0.005320
0.600000	0.200000	0.800000	0.004142
0.600000	0.200000	0.900000	0.002002
0.600000	0.200000	1.000000	0.002002
0.600000	0.300000	0.000000	0.002751
0.600000	0.300000	0.100000	0.002751
0.600000	0.300000	0.200000	0.003518
0.600000	0.300000	0.300000	0.004174
0.600000	0.300000	0.400000	0.004869
0.600000	0.300000	0.500000	0.005983
0.600000	0.300000	0.600000	0.008108
0.600000	0.300000	0.700000	0.012882
0.600000	0.300000	0.800000	0.030952
0.600000	0.300000	0.900000	0.075089
0.600000	0.300000	1.000000	0.075089
0.600000	0.400000	0.000000	0.002704
0.600000	0.400000	0.100000	0.002704
0.600000	0.400000	0.200000	0.003573
0.600000	0.400000	0.300000	0.004413
0.600000	0.400000	0.400000	0.005434
0.600000	0.400000	0.500000	0.007197
0.600000	0.400000	0.600000	0.011002
0.600000	0.400000	0.700000	0.020387
0.600000	0.400000	0.800000	0.037541
0.600000	0.400000	0.900000	0.008293
0.600000	0.400000	1.000000	0.008293
0.600000	0.500000	0.000000	0.002696
0.600000	0.500000	0.100000	0.002696
0.600000	0.500000	0.200000	0.003599
0.600000	0.500000	0.300000	0.004501
0.600000	0.500000	0.400000	0.005644
0.600000	0.500000	0.500000	0.007702
0.600000	0.500000	0.600000	0.012332
0.600000	0.500000	0.700000	0.023282
0.600000	0.500000	0.800000	0.026375
0.600000	0.500000	0.900000	0.008546
0.600000	0.500000	1.000000	0.008546
0.600000	0.600000	0.000000	0.002716
0.600000	0.600000	0.100000	0.002716
0.600000	0.600000	0.200000	0.003590
0.600000	0.600000	0.300000	0.004428
0.600000	0.600000	0.400000	0.005450
0.600000	0.600000	0.500000	0.007284
0.600000	0.600000	0.600000	0.011287
0.600000	0.600000	0.700000	0.022133
0.600000	0.600000	0.800000	0.038749
0.600000	0.600000	0.900000	0.008324
0.600000	0.600000	1.000000	0.008324
0.600000	0.700000	0.000000	0.002772
0.600000	0.700000	0.100000	0.002772
0.600000	0.700000	0.200000	0.003544
0.600000	0.700000	0.300000	0.004179
0.600000	0.700000	0.400000	0.004846
0.600000	0.700000	0.500000	0.006033
0.600000	0.700000	0.600000	0.008390
0.600000	0.700000	0.700000	0.013991
0.600000	0.700000	0.800000	0.034577
0.600000	0.700000	0.900000	0.078130
0.600000	0.700000	1.000000	0.078130
0.600000	0.800000	0.000000	0.002899
0.600000	0.800000	0.100000	0.002899
0.600000	0.800000	0.200000	0.003478
0.600000	0.800000	0.300000	0.003741
0.600000	0.800000	0.400000	0.003947
0.600000	0.800000	0.500000	0.004338
0.600000	0.800000	0.600000	0.004785
0.600000	0.800000	0.700000	0.005098
0.600000	0.800000	0.800000	0.003545
0.600000	0.800000	0.900000	0.001384
0.600000	0.800000	1.000000	0.001384
0.600000	0.900000	0.000000	0.003240
0.600000	0.900000	0.100000	0.003240
0.600000	0.900000	0.200000	0.003267
0.600000	0.900000	0.300000	0.003231
0.600000	0.900000	0.400000	0.003191
0.600000	0.900000	0.500000	0.003067
0.600000	0.900000	0.600000	0.002559
0.600000	0.900000	0.700000	0.002299
0.600000	0.900000	0.800000	0.001173
0.600000	0.900000	0.900000	0.001333
0.600000	0.900000	1.000000	0.001333
0.600000	1.000000	0.000000	0.003240
0.600000	1.000000	0.100000	0.003240
0.600000	1.000000	0.200000	0.003267
0.600000	1.000000	0.300000	0.003231
0.600000	1.000000	0.400000	0.003191
0.600000	1.000000	0.500000	0.003067
0.600000	1.000000	0.600000	0.002559
0.600000	1.000000	0.700000	0.002299
0.600000	1.000000	0.800000	0.001173
0.600000	1.000000	0.900000	0.001333
0.600000	1.000000	1.000000	0.001333
0.700000	0.000000	0.000000	0.003228
0.700000	0.000000	0.100000	0.003228
0.700000	0.000000	0.200000	0.003259
0.700000	0.000000	0.300000	0.003152
0.700000	0.000000	0.400000	0.003013
0.700000	0.000000	0.500000	0.002988
0.700000	0.000000	0.600000	0.002563
0.700000	0.000000	0.700000	0.002221
0.700000	0.000000	0.800000	0.001582
0.700000	0.000000	0.900000	0.001644
0.700000	0.000000	1.000000	0.001644
0.700000	0.100000	0.000000	0.003228
0.700000	0.100000	0.100000	0.003228
0.700000	0.100000	0.200000	0.003259
0.700000	0.100000	0.300000	0.003152
0.700000	0.100000	0.400000	0.003013
0.700000	0.100000	0.500000	0.002988
0.700000	0.100000	0.600000	0.002563
0.700000	0.100000	0.700000	0.002221
0.700000	0.100000	0.800000	0.001582
0.700000	0.100000	0.900000	0.001644
0.700000	0.100000	1.000000	0.001644
0.700000	0.200000	0.000000	0.002900
0.700000	0.200000	0.100000	0.002900
0.700000	0.200000	0.200000	0.003422
0.700000	0.200000	0.300000	0.003624
0.700000	0.200000	0.400000	0.003719
0.700000	0.200000	0.500000	0.003901
0.700000	0.200000	0.600000	0.004192
0.700000	0.200000	0.700000	0.004443
0.700000	0.200000	0.800000	0.004171
0.700000	0.200000	0.900000	0.002659
0.700000	0.200000	1.000000	0.002659
0.700000	0.300000	0.000000	0.002804
0.700000	0.300000	0.100000	0.002804
0.700000	0.300000	0.200000	0.003479
0.700000	0.300000	0.300000	0.003967
0.700000	0.300000	0.400000	0.004393
0.700000	0.300000	0.500000	0.005063
0.700000	0.300000	0.600000	0.006387
0.700000	0.300000	0.700000	0.008777
0.700000	0.300000	0.800000	0.025170
0.700000	0.300000	0.900000	0.644470
0.700000	0.300000	1.000000	0.644470
0.700000	0.400000	0.000000	0.002759
0.700000	0.400000	0.100000	0.002759
0.700000	0.400000	0.200000	0.003526
0.700000	0.400000	0.300000	0.004166
0.700000	0.400000	0.400000	0.004832
0.700000	0.400000	0.500000	0.005970
0.700000	0.400000	0.600000	0.008155
0.700000	0.400000	0.700000	0.012847
0.700000	0.400000	0.800000	0.033088
0.700000	0.400000	0.900000	0.080124
0.700000	0.400000	1.000000	0.080124
0.700000	0.500000	0.000000	0.002753
0.700000	0.500000	0.100000	0.002753
0.700000	0.500000	0.200000	0.003549
0.700000	0.500000	0.300000	0.004238
0.700000	0.500000	0.400000	0.004993
0.700000	0.500000	0.500000	0.006324
0.700000	0.500000	0.600000	0.008975
0.700000	0.500000	0.700000	0.014701
0.700000	0.500000	0.800000	0.026347
0.700000	0.500000	0.900000	0.036331
0.700000	0.500000	1.000000	0.036331
0.700000	0.600000	0.000000	0.002772
0.700000	0.600000	0.100000	0.002772
0.700000	0.600000	0.200000	0.003544
0.700000	0.600000	0.300000	0.004179
0.700000	0.600000	0.400000	0.004846
0.700000	0.600000	0.500000	0.006037
0.700000	0.600000	0.600000	0.008405
0.700000	0.600000	0.700000	0.014050
0.700000	0.600000	0.800000	0.034748
0.700000	0.600000	0.900000	0.078746
0.700000	0.600000	1.000000	0.078746
0.700000	0.700000	0.000000	0.002827
0.700000	0.700000	0.100000	0.002827
0.700000	0.700000	0.200000	0.003507
0.700000	0.700000	0.300000	0.003973
0.700000	0.700000	0.400000	0.004375
0.700000	0.700000	0.500000	0.005070
0.700000	0.700000	0.600000	0.006601
0.700000	0.700000	0.700000	0.009605
0.700000	0.700000	0.800000	0.028815
0.700000	0.700000	0.900000	0.711952
0.700000	0.700000	1.000000	0.711952
0.700000	0.800000	0.000000	0.002951
0.700000	0.800000	0.100000	0.002951
0.700000	0.800000	0.200000	0.003453
0.700000	0.800000	0.300000	0.003594
0.700000	0.800000	0.400000	0.003726
0.700000	0.800000	0.500000	0.003888
0.700000	0.800000	0.600000	0.004143
0.700000	0.800000	0.700000	0.004311
0.700000	0.800000	0.800000	0.003525
0.700000	0.800000	0.900000	0.001706
0.700000	0.800000	1.000000	0.001706
0.700000	0.900000	0.000000	0.003288
0.700000	0.900000	0.100000	0.003288
0.700000	0.900000	0.200000	0.003256
0.700000	0.900000	0.300000	0.003173
0.700000	0.900000	0.400000	0.003068
0.700000	0.900000	0.500000	0.002717
0.700000	0.900000	0.600000	0.002409
0.700000	0.900000	0.700000	0.002220
0.700000	0.900000	0.800000	0.001288
0.700000	0.900000	0.900000	0.001381
0.700000	0.900000	1.000000	0.001381
0.700000	1.000000	0.000000	0.003288
0.700000	1.000000	0.100000	0.003288
0.700000	1.000000	0.200000	0.003256
0.700000	1.000000	0.300000	0.003173
0.700000	1.000000	0.400000	0.003068
0.700000	1.000000	0.500000	0.002717
0.700000	1.000000	0.600000	0.002409
0.700000	1.000000	0.700000	0.002220
0.700000	1.000000	0.800000	0.001288
0.700000	1.000000	0.900000	0.001381
0.700000	1.000000	1.000000	0.001381
0.800000	0.000000	0.000000	0.003328
0.800000	0.000000	0.100000	0.003328
0.800000	0.000000	0.200000	0.003237
0.800000	0.000000	0.300000	0.002985
0.800000	0.000000	0.400000	0.002895
0.800000	0.000000	0.500000	0.002352
0.800000	0.000000	0.600000	0.002110
0.800000	0.000000	0.700000	0.001856
0.800000	0.000000	0.800000	0.001583
0.800000	0.000000	0.900000	0.001158
0.800000	0.000000	1.000000	0.001158
0.800000	0.100000	0.000000	0.003328
0.800000	0.100000	0.100000	0.003328
0.800000	0.100000	0.200000	0.003237
0.800000	0.100000	0.300000	0.002985
0.800000	0.100000	0.400000	0.002895
0.800000	0.100000	0.500000	0.002352
0.800000	0.100000	0.600000	0.002110
0.800000	0.100000	0.700000	0.001856
0.800000	0.100000	0.800000	0.001583
0.800000	0.100000	0.900000	0.001158
0.800000	0.100000	1.000000	0.001158
0.800000	0.200000	0.000000	0.003014
0.800000	0.200000	0.100000	0.003014
0.800000	0.200000	0.200000	0.003379
0.800000	0.200000	0.300000	0.003327
0.800000	0.200000	0.400000	0.003298
0.800000	0.200000	0.500000	0.003249
0.800000	0.200000	0.600000	0.003207
0.800000	0.200000	0.700000	0.002975
0.800000	0.200000	0.800000	0.002430
0.800000	0.200000	0.900000	0.002528
0.800000	0.200000	1.000000	0.002528
0.800000	0.300000	0.000000	0.002923
0.800000	0.300000	0.100000	0.002923
0.800000	0.300000	0.200000	0.003425
0.800000	0.300000	0.300000	0.003590
0.800000	0.300000	0.400000	0.003776
0.800000	0.300000	0.500000	0.003954
0.800000	0.300000	0.600000	0.004165
0.800000	0.300000	0.700000	0.004150
0.800000	0.300000	0.800000	0.003187
0.800000	0.300000	0.900000	0.001376
0.800000	0.300000	1.000000	0.001376
0.800000	0.400000	0.000000	0.002885
0.800000	0.400000	0.100000	0.002885
0.800000	0.400000	0.200000	0.003462
0.800000	0.400000	0.300000	0.003730
0.800000	0.400000	0.400000	0.003933
0.800000	0.400000	0.500000	0.004423
0.800000	0.400000	0.600000	0.004855
0.800000	0.400000	0.700000	0.004928
0.800000	0.400000	0.800000	0.003387
0.800000	0.400000	0.900000	0.001261
0.800000	0.400000	1.000000	0.001261
0.800000	0.500000	0.000000	0.002880
0.800000	0.500000	0.100000	0.002880
0.800000	0.500000	0.200000	0.003480
0.800000	0.500000	0.300000	0.003780
0.800000	0.500000	0.400000	0.004029
0.800000	0.500000	0.500000	0.004604
0.800000	0.500000	0.600000	0.005146
0.800000	0.500000	0.700000	0.005168
0.800000	0.500000	0.800000	0.003377
0.800000	0.500000	0.900000	0.001157
0.800000	0.500000	1.000000	0.001157
0.800000	0.600000	0.000000	0.002898
0.800000	0.600000	0.100000	0.002898
0.800000	0.600000	0.200000	0.003478
0.800000	0.600000	0.300000	0.003740
0.800000	0.600000	0.400000	0.004075
0.800000	0.600000	0.500000	0.004455
0.800000	0.600000	0.600000	0.004972
0.800000	0.600000	0.700000	0.005150
0.800000	0.600000	0.800000	0.003574
0.800000	0.600000	0.900000	0.001393
0.800000	0.600000	1.000000	0.001393
0.800000	0.700000	0.000000	0.002950
0.800000	0.700000	0.100000	0.002950
0.800000	0.700000	0.200000	0.003452
0.800000	0.700000	0.300000	0.003593
0.800000	0.700000	0.400000	0.003758
0.800000	0.700000	0.500000	0.003950
0.800000	0.700000	0.600000	0.004261
0.800000	0.700000	0.700000	0.004337
0.800000	0.700000	0.800000	0.003540
0.800000	0.700000	0.900000	0.001712
0.800000	0.700000	1.000000	0.001712
0.800000	0.800000	0.000000	0.003064
0.800000	0.800000	0.100000	0.003064
0.800000	0.800000	0.200000	0.003415
0.800000	0.800000	0.300000	0.003363
0.800000	0.800000	0.400000	0.003331
0.800000	0.800000	0.500000	0.003287
0.800000	0.800000	0.600000	0.003237
0.800000	0.800000	0.700000	0.002965
0.800000	0.800000	0.800000	0.002305
0.800000	0.800000	0.900000	0.002091
0.800000	0.800000	1.000000	0.002091
0.800000	0.900000	0.000000	0.003401
0.800000	0.900000	0.100000	0.003401
0.800000	0.900000	0.200000	0.003234
0.800000	0.900000	0.300000	0.003022
0.800000	0.900000	0.400000	0.002935
0.800000	0.900000	0.500000	0.002246
0.800000	0.900000	0.600000	0.001904
0.800000	0.900000	0.700000	0.001535
0.800000	0.900000	0.800000	0.001245
0.800000	0.900000	0.900000	0.001228
0.800000	0.900000	1.000000	0.001228
0.800000	1.000000	0.000000	0.003401
0.800000	1.000000	0.100000	0.003401
0.800000	1.000000	0.200000	0.003234
0.800000	1.000000	0.300000	0.003022
0.800000	1.000000	0.400000	0.002935
0.800000	1.000000	0.500000	0.002246
0.800000	1.000000	0.600000	0.001904
0.800000	1.000000	0.700000	0.001535
0.800000	1.000000	0.800000	0.001245
0.800000	1.000000	0.900000	0.001228
0.800000	1.000000	1.000000	0.001228
0.900000	0.000000	0.000000	0.003622
0.900000	0.000000	0.100000	0.003622
0.900000	0.000000	0.200000	0.003445
0.900000	0.000000	0.300000	0.002610
0.900000	0.000000	0.400000	0.002227
0.900000	0.000000	0.500000	0.001887
0.900000	0.000000	0.600000	0.001598
0.900000	0.000000	0.700000	0.001390
0.900000	0.000000	0.800000	0.001291
0.900000	0.000000	0.900000	0.001132
0.900000	0.000000	1.000000	0.001132
0.900000	0.100000	0.000000	0.003622
0.900000	0.100000	0.100000	0.003622
0.900000	0.100000	0.200000	0.003445
0.900000	0.100000	0.300000	0.002610
0.900000	0.100000	0.400000	0.002227
0.900000	0.100000	0.500000	0.001887
0.900000	0.100000	0.600000	0.001598
0.900000	0.100000	0.700000	0.001390
0.900000	0.100000	0.800000	0.001291
0.900000	0.100000	0.900000	0.001132
0.900000	0.100000	1.000000	0.001132
0.900000	0.200000	0.000000	0.003339
0.900000	0.200000	0.100000	0.003339
0.900000	0.200000	0.200000	0.003190
0.900000	0.200000	0.300000	0.002993
0.900000	0.200000	0.400000	0.002913
0.900000	0.200000	0.500000	0.002335
0.900000	0.200000	0.600000	0.002013
0.900000	0.200000	0.700000	0.001664
0.900000	0.200000	0.800000	0.001377
0.900000	0.200000	0.900000	0.001273
0.900000	0.200000	1.000000	0.001273
0.900000	0.300000	0.000000	0.003255
0.900000	0.300000	0.100000	0.003255
0.900000	0.300000	0.200000	0.003229
0.900000	0.300000	0.300000	0.003163
0.900000	0.300000	0.400000	0.003068
0.900000	0.300000	0.500000	0.002647
0.900000	0.300000	0.600000	0.002290
0.900000	0.300000	0.700000	0.001776
0.900000	0.300000	0.800000	0.001210
0.900000	0.300000	0.900000	0.001333
0.900000	0.300000	1.000000	0.001333
0.900000	0.400000	0.000000	0.003224
0.900000	0.400000	0.100000	0.003224
0.900000	0.400000	0.200000	0.003253
0.900000	0.400000	0.300000	0.003223
0.900000	0.400000	0.400000	0.003193
0.900000	0.400000	0.500000	0.003129
0.900000	0.400000	0.600000	0.002420
0.900000	0.400000	0.700000	0.001787
0.900000	0.400000	0.800000	0.001151
0.900000	0.400000	0.900000	0.001307
0.900000	0.400000	1.000000	0.001307
0.900000	0.500000	0.000000	0.003220
0.900000	0.500000	0.100000	0.003220
0.900000	0.500000	0.200000	0.003264
0.900000	0.500000	0.300000	0.003251
0.900000	0.500000	0.400000	0.003241
0.900000	0.500000	0.500000	0.003168
0.900000	0.500000	0.600000	0.002460
0.900000	0.500000	0.700000	0.001810
0.900000	0.500000	0.800000	0.001153
0.900000	0.500000	0.900000	0.001277
0.900000	0.500000	1.000000	0.001277
0.900000	0.600000	0.000000	0.003238
0.900000	0.600000	0.100000	0.003238
0.900000	0.600000	0.200000	0.003265
0.900000	0.600000	0.300000	0.003259
0.900000	0.600000	0.400000	0.003206
0.900000	0.600000	0.500000	0.003146
0.900000	0.600000	0.600000	0.002425
0.900000	0.600000	0.700000	0.001820
0.900000	0.600000	0.800000	0.001189
0.900000	0.600000	0.900000	0.001347
0.900000	0.600000	1.000000	0.001347
0.900000	0.700000	0.000000	0.003285
0.900000	0.700000	0.100000	0.003285
0.900000	0.700000	0.200000	0.003253
0.900000	0.700000	0.300000	0.003187
0.900000	0.700000	0.400000	0.003091
0.900000	0.700000	0.500000	0.002605
0.900000	0.700000	0.600000	0.002266
0.900000	0.700000	0.700000	0.001796
0.900000	0.700000	0.800000	0.001301
0.900000	0.700000	0.900000	0.001390
0.900000	0.700000	1.000000	0.001390
0.900000	0.800000	0.000000	0.003400
0.900000	0.800000	0.100000	0.003400
0.900000	0.800000	0.200000	0.003242
0.900000	0.800000	0.300000	0.003021
0.900000	0.800000	0.400000	0.002936
0.900000	0.800000	0.500000	0.002250
0.900000	0.800000	0.600000	0.001911
0.900000	0.800000	0.700000	0.001544
0.900000	0.800000	0.800000	0.001250
0.900000	0.800000	0.900000	0.001230
0.900000	0.800000	1.000000	0.001230
0.900000	0.900000	0.000000	0.003687
0.900000	0.900000	0.100000	0.003687
0.900000	0.900000	0.200000	0.003104
0.900000	0.900000	0.300000	0.002913
0.900000	0.900000	0.400000	0.002193
0.900000	0.900000	0.500000	0.001826
0.900000	0.900000	0.600000	0.001493
0.900000	0.900000	0.700000	0.001220
0.900000	0.900000	0.800000	0.001108
0.900000	0.900000	0.900000	0.001109
0.900000	0.900000	1.000000	0.001109
0.900000	1.000000	0.000000	0.003687
0.900000	1.000000	0.100000	0.003687
0.900000	1.000000	0.200000	0.003104
0.900000	1.000000	0.300000	0.002913
0.900000	1.000000	0.400000	0.002193
0.900000	1.000000	0.500000	0.001826
0.900000	1.000000	0.600000	0.001493
0.900000	1.000000	0.700000	0.001220
0.900000	1.000000	0.800000	0.001108
0.900000	1.000000	0.900000	0.001109
0.900000	1.000000	1.000000	0.001109
1.000000	0.000000	0.000000	0.003622
1.000000	0.000000	0.100000	0.003622
1.000000	0.000000	0.200000	0.003445
1.000000	0.000000	0.300000	0.002610
1.000000	0.000000	0.400000	0.002227
1.000000	0.000000	0.500000	0.001887
1.000000	0.000000	0.600000	0.001598
1.000000	0.000000	0.700000	0.001390
1.000000	0.000000	0.800000	0.001291
1.000000	0.000000	0.900000	0.001132
1.000000	0.000000	1.000000	0.001132
1.000000	0.100000	0.000000	0.003622
1.000000	0.100000	0.100000	0.003622
1.000000	0.100000	0.200000	0.003445
1.000000	0.100000	0.300000	0.002610
1.000000	0.100000	0.400000	0.002227
1.000000	0.100000	0.500000	0.001887
1.000000	0.100000	0.600000	0.001598
1.000000	0.100000	0.700000	0.001390
1.000000	0.100000	0.800000	0.001291
1.000000	0.100000	0.900000	0.001132
1.000000	0.100000	1.000000	0.001132
1.000000	0.200000	0.000000	0.003339
1.000000	0.200000	0.100000	0.003339
1.000000	0.200000	0.200000	0.003190
1.000000	0.200000	0.300000	0.002993
1.000000	0.200000	0.400000	0.002913
1.000000	0.200000	0.500000	0.002335
1.000000	0.200000	0.600000	0.002013
1.000000	0.200000	0.700000	0.001664
1.000000	0.200000	0.800000	0.001377
1.000000	0.200000	0.900000	0.001273
1.000000	0.200000	1.000000	0.001273
1.000000	0.300000	0.000000	0.003255
1.000000	0.300000	0.100000	0.003255
1.000000	0.300000	0.200000	0.003229
1.000000	0.300000	0.300000	0.003163
1.000000	0.300000	0.400000	0.003068
1.000000	0.300000	0.500000	0.002647
1.000000	0.300000	0.600000	0.002290
1.000000	0.300000	0.700000	0.001776
1.000000	0.300000	0.800000	0.001210
1.000000	0.300000	0.900000	0.001333
1.000000	0.300000	1.000000	0.001333
1.000000	0.400000	0.000000	0.003224
1.000000	0.400000	0.100000	0.003224
1.000000	0.400000	0.200000	0.003253
1.000000	0.400000	0.300000	0.003223
1.000000	0.400000	0.400000	0.003193
1.000000	0.400000	0.500000	0.003129
1.000000	0.400000	0.600000	0.002420
1.000000	0.400000	0.700000	0.001787
1.000000	0.400000	0.800000	0.001151
1.000000	0.400000	0.900000	0.001307
1.000000	0.400000	1.000000	0.001307
1.000000	0.500000	0.000000	0.003220
1.000000	0.500000	0.100000	0.003220
1.000000	0.500000	0.200000	0.003264
1.000000	0.500000	0.300000	0.003251
1.000000	0.500000	0.400000	0.003241
1.000000	0.500000	0.500000	0.003168
1.000000	0.500000	0.600000	0.002460
1.000000	0.500000	0.700000	0.001810
1.000000	0.500000	0.800000	0.001153
1.000000	0.500000	0.900000	0.001277
1.000000	0.500000	1.000000	0.001277
1.000000	0.600000	0.000000	0.003238
1.000000	0.600000	0.100000	0.003238
1.000000	0.600000	0.200000	0.003265
1.000000	0.600000	0.300000	0.003259
1.000000	0.600000	0.400000	0.003206
1.000000	0.600000	0.500000	0.003146
1.000000	0.600000	0.600000	0.002425
1.000000	0.600000	0.700000	0.001820
1.000000	0.600000	0.800000	0.001189
1.000000	0.600000	0.900000	0.001347
1.000000	0.600000	1.000000	0.001347
1.000000	0.700000	0.000000	0.003285
1.000000	0.700000	0.100000	0.003285
1.000000	0.700000	0.200000	0.003253
1.000000	0.700000	0.300000	0.003187
1.000000	0.700000	0.400000	0.003091
1.000000	0.700000	0.500000	0.002605
1.000000	0.700000	0.600000	0.002266
1.000000	0.700000	0.700000	0.001796
1.000000	0.700000	0.800000	0.001301
1.000000	0.700000	0.900000	0.001390
1.000000	0.700000	1.000000	0.001390
1.000000	0.800000	0.000000	0.003400
1.000000	0.800000	0.100000	0.003400
1.000000	0.800000	0.200000	0.003242
1.000000	0.800000	0.300000	0.003021
1.000000	0.800000	0.400000	0.002936
1.000000	0.800000	0.500000	0.002250
1.000000	0.800000	0.600000	0.001911
1.000000	0.800000	0.700000	0.001544
1.000000	0.800000	0.800000	0.001250
1.000000	0.800000	0.900000	0.001230
1.000000	0.800000	1.000000	0.001230
1.000000	0.900000	0.000000	0.003687
1.000000	0.900000	0.100000	0.003687
1.000000	0.900000	0.200000	0.003104
1.000000	0.900000	0.300000	0.002913
1.000000	0.900000	0.400000	0.002193
1.000000	0.900000	0.500000	0.001826
1.000000	0.900000	0.600000	0.001493
1.000000	0.900000	0.700000	0.001220
1.000000	0.900000	0.800000	0.001108
1.000000	0.900000	0.900000	0.001109
1.000000	0.900000	1.000000	0.001109
1.000000	1.000000	0.000000	0.003687
1.000000	1.000000	0.100000	0.003687
1.000000	1.000000	0.200000	0.003104
1.000000	1.000000	0.300000	0.002913
1.000000	1.000000	0.400000	0.002193
1.000000	1.000000	0.500000	0.001826
1.000000	1.000000	0.600000	0.001493
1.000000	1.000000	0.700000	0.001220
1.000000	1.000000	0.800000	0.001108
1.000000	1.000000	0.900000	0.001109
1.000000	1.000000	1.000000	0.001109
